4 0.436719 0.518750 0.029687 0.075000
4 0.638281 0.547917 0.070312 0.191667
4 0.531250 0.540625 0.090625 0.152083
4 0.415625 0.513542 0.021875 0.052083
4 0.374219 0.569792 0.032813 0.160417
4 0.392969 0.526042 0.035937 0.097917
4 0.513281 0.551042 0.076563 0.214583
6 0.407813 0.503125 0.028125 0.052083
6 0.371875 0.514583 0.015625 0.037500
4 0.387500 0.516667 0.025000 0.070833
4 0.426563 0.514583 0.034375 0.058333
4 0.392188 0.534375 0.068750 0.139583
4 0.520312 0.529167 0.043750 0.125000
6 0.523438 0.510417 0.018750 0.037500
6 0.540625 0.509375 0.021875 0.043750
4 0.474219 0.520833 0.032813 0.083333
4 0.460938 0.521875 0.034375 0.097917
