4 0.696875 0.525000 0.056250 0.095833
4 0.775781 0.521875 0.045312 0.085417
4 0.646875 0.527083 0.043750 0.108333
4 0.825781 0.551042 0.076563 0.214583
4 0.500000 0.557292 0.090625 0.227083
4 0.631250 0.521875 0.031250 0.089583
4 0.550000 0.521875 0.037500 0.081250
4 0.729688 0.536458 0.059375 0.127083
4 0.756250 0.518750 0.043750 0.075000
4 0.332813 0.651042 0.328125 0.693750
4 0.568750 0.517708 0.040625 0.068750
4 0.544531 0.542708 0.067187 0.168750
6 0.570312 0.508333 0.028125 0.058333
4 0.668750 0.544792 0.068750 0.177083
4 0.612500 0.532292 0.075000 0.127083
4 0.660156 0.566667 0.126562 0.250000
4 0.642188 0.607292 0.234375 0.397917
