4 0.525000 0.587500 0.125000 0.345833
4 0.388281 0.517708 0.026562 0.068750
4 0.433594 0.512500 0.029687 0.058333
4 0.429688 0.533333 0.053125 0.133333
4 0.652344 0.548958 0.051562 0.197917
4 0.389844 0.531250 0.035937 0.087500
4 0.508594 0.530208 0.051562 0.110417
6 0.404687 0.507292 0.028125 0.060417
4 0.438281 0.515625 0.023438 0.068750
4 0.584375 0.533333 0.050000 0.141667
4 0.439844 0.512500 0.023438 0.050000
4 0.387500 0.550000 0.078125 0.204167
4 0.494531 0.544792 0.095312 0.181250
6 0.533594 0.510417 0.020313 0.037500
6 0.537500 0.509375 0.021875 0.043750
4 0.467969 0.521875 0.051562 0.089583
4 0.462500 0.517708 0.043750 0.077083
