4 0.452344 0.596875 0.104688 0.256250
6 0.531250 0.510417 0.025000 0.045833
4 0.529687 0.515625 0.031250 0.060417
4 0.514844 0.523958 0.032813 0.093750
4 0.551562 0.565625 0.087500 0.172917
4 0.441406 0.514583 0.032813 0.062500
4 0.398438 0.554167 0.075000 0.200000
4 0.415625 0.523958 0.034375 0.089583
4 0.499219 0.527083 0.039062 0.108333
4 0.403125 0.531250 0.071875 0.120833
4 0.397656 0.518750 0.042188 0.075000
4 0.385937 0.516667 0.040625 0.066667
4 0.425781 0.539583 0.060937 0.154167
4 0.545312 0.537500 0.087500 0.145833
6 0.403125 0.515625 0.018750 0.039583
6 0.493750 0.512500 0.018750 0.041667
6 0.425781 0.507292 0.029687 0.052083
