6 0.434375 0.515625 0.025000 0.047917
4 0.515625 0.519792 0.028125 0.072917
4 0.384375 0.532292 0.046875 0.131250
4 0.398438 0.526042 0.031250 0.085417
4 0.392969 0.540625 0.064062 0.156250
4 0.519531 0.538542 0.073438 0.139583
6 0.577344 0.512500 0.029687 0.054167
4 0.386719 0.527083 0.051562 0.100000
4 0.421094 0.515625 0.035937 0.060417
4 0.391406 0.551042 0.060937 0.202083
4 0.450000 0.518750 0.025000 0.070833
6 0.424219 0.514583 0.017188 0.033333
6 0.453906 0.504167 0.026562 0.050000
4 0.478125 0.525000 0.028125 0.079167
