4 0.489844 0.525000 0.042188 0.104167
4 0.457813 0.521875 0.031250 0.089583
4 0.490625 0.530208 0.068750 0.118750
4 0.679688 0.608333 0.159375 0.445833
4 0.416406 0.527083 0.051562 0.104167
4 0.307812 0.537500 0.059375 0.150000
6 0.330469 0.509375 0.032813 0.068750
4 0.334375 0.523958 0.040625 0.089583
4 0.525781 0.551042 0.079687 0.202083
4 0.443750 0.516667 0.025000 0.066667
4 0.396875 0.520833 0.034375 0.087500
4 0.217188 0.552083 0.115625 0.195833
6 0.526563 0.511458 0.025000 0.052083
4 0.376563 0.564583 0.100000 0.250000
4 0.397656 0.594792 0.148438 0.368750
