4 0.342187 0.515625 0.025000 0.068750
4 0.522656 0.559375 0.123438 0.235417
4 0.388281 0.515625 0.032813 0.060417
4 0.044531 0.642708 0.089063 0.435417
4 0.355469 0.518750 0.029687 0.083333
4 0.315625 0.547917 0.100000 0.191667
4 0.464062 0.528125 0.053125 0.106250
4 0.282813 0.521875 0.034375 0.085417
4 0.407813 0.520833 0.025000 0.066667
4 0.681250 0.588542 0.109375 0.331250
4 0.472656 0.536458 0.057813 0.127083
6 0.295312 0.508333 0.031250 0.062500
6 0.464062 0.513542 0.025000 0.052083
4 0.329688 0.568750 0.153125 0.258333
4 0.377344 0.533333 0.054688 0.120833
4 0.381250 0.525000 0.037500 0.104167
