4 0.738281 0.531250 0.042188 0.108333
4 0.686719 0.521875 0.048438 0.085417
4 0.755469 0.530208 0.070312 0.122917
4 0.607031 0.551042 0.079687 0.197917
4 0.941406 0.615625 0.114062 0.402083
4 0.662500 0.527083 0.062500 0.100000
4 0.550000 0.532292 0.075000 0.131250
4 0.562500 0.520833 0.050000 0.083333
4 0.760156 0.546875 0.073438 0.185417
4 0.682813 0.518750 0.037500 0.070833
4 0.359375 0.569792 0.153125 0.243750
4 0.628125 0.519792 0.031250 0.081250
4 0.497656 0.545833 0.101562 0.162500
6 0.569531 0.509375 0.029687 0.064583
6 0.792969 0.515625 0.010937 0.060417
4 0.578906 0.569792 0.154688 0.264583
