6 0.473438 0.513542 0.021875 0.047917
4 0.382031 0.520833 0.029687 0.066667
4 0.512500 0.539583 0.065625 0.125000
4 0.392969 0.515625 0.020313 0.052083
4 0.265625 0.585417 0.046875 0.245833
4 0.462500 0.529167 0.037500 0.095833
4 0.317969 0.523958 0.035937 0.072917
4 0.396875 0.516667 0.025000 0.058333
4 0.375000 0.536458 0.062500 0.122917
4 0.424219 0.580208 0.110937 0.277083
4 0.597656 0.559375 0.057813 0.193750
4 0.323437 0.532292 0.046875 0.102083
4 0.494531 0.532292 0.057813 0.106250
6 0.477344 0.513542 0.010937 0.039583
6 0.326562 0.512500 0.031250 0.054167
4 0.377344 0.523958 0.032813 0.085417
4 0.448437 0.554167 0.078125 0.170833
