4 0.517969 0.576042 0.117188 0.293750
6 0.504687 0.510417 0.018750 0.037500
4 0.503125 0.517708 0.043750 0.077083
4 0.618750 0.546875 0.062500 0.160417
4 0.515625 0.546875 0.068750 0.193750
4 0.456250 0.514583 0.028125 0.058333
4 0.376563 0.561458 0.031250 0.181250
4 0.396094 0.528125 0.032813 0.089583
4 0.436719 0.529167 0.054688 0.112500
4 0.426563 0.520833 0.046875 0.075000
4 0.430469 0.514583 0.023438 0.066667
4 0.377344 0.550000 0.032813 0.141667
4 0.531250 0.533333 0.075000 0.125000
6 0.546094 0.510417 0.023438 0.045833
4 0.534375 0.514583 0.021875 0.058333
6 0.387500 0.514583 0.018750 0.037500
6 0.410156 0.507292 0.029687 0.052083
4 0.467187 0.522917 0.046875 0.095833
