4 0.466406 0.531250 0.045312 0.100000
4 0.237500 0.523958 0.006250 0.052083
4 0.409375 0.525000 0.034375 0.087500
4 0.314844 0.533333 0.067187 0.116667
4 0.683594 0.628125 0.151562 0.385417
4 0.381250 0.531250 0.062500 0.100000
4 0.416406 0.538542 0.076563 0.135417
6 0.457813 0.513542 0.025000 0.047917
4 0.417187 0.685417 0.250000 0.625000
4 0.314063 0.522917 0.046875 0.075000
4 0.533594 0.575000 0.101562 0.254167
4 0.371094 0.519792 0.026562 0.068750
4 0.039844 0.755208 0.079687 0.485417
4 0.344531 0.526042 0.042188 0.081250
4 0.389062 0.553125 0.103125 0.164583
6 0.284375 0.511458 0.031250 0.064583
4 0.349219 0.605208 0.142187 0.356250
