4 0.545312 0.519792 0.040625 0.081250
4 0.742188 0.536458 0.056250 0.156250
4 0.710938 0.518750 0.043750 0.075000
4 0.452344 0.558333 0.123438 0.233333
4 0.607031 0.518750 0.039062 0.075000
4 0.450781 0.547917 0.079687 0.158333
4 0.722656 0.527083 0.051562 0.104167
4 0.725000 0.519792 0.050000 0.085417
4 0.671094 0.533333 0.054688 0.116667
4 0.876563 0.569792 0.096875 0.272917
4 0.625000 0.521875 0.034375 0.097917
6 0.573438 0.507292 0.028125 0.060417
4 0.621875 0.565625 0.134375 0.256250
4 0.628125 0.541667 0.096875 0.166667
4 0.636719 0.539583 0.064062 0.137500
