6 0.306250 0.501042 0.031250 0.060417
4 0.350000 0.512500 0.028125 0.070833
4 0.377344 0.553125 0.101562 0.285417
4 0.491406 0.537500 0.067187 0.170833
4 0.392188 0.512500 0.021875 0.058333
4 0.160938 0.572917 0.125000 0.345833
4 0.364844 0.515625 0.032813 0.085417
4 0.346875 0.538542 0.112500 0.189583
4 0.460156 0.519792 0.039062 0.110417
4 0.288281 0.516667 0.029687 0.087500
4 0.408594 0.512500 0.023438 0.062500
4 0.386719 0.522917 0.045312 0.129167
4 0.617188 0.568750 0.125000 0.283333
4 0.350781 0.520833 0.060937 0.104167
4 0.479687 0.523958 0.046875 0.135417
6 0.467969 0.507292 0.023438 0.047917
