4 0.419531 0.529167 0.048438 0.104167
4 0.425781 0.532292 0.073438 0.127083
4 0.453906 0.515625 0.035937 0.060417
4 0.365625 0.630208 0.009375 0.047917
4 0.525781 0.522917 0.026562 0.075000
4 0.403906 0.522917 0.035937 0.091667
4 0.382031 0.542708 0.042188 0.156250
6 0.561719 0.512500 0.029687 0.054167
6 0.416406 0.513542 0.017188 0.031250
6 0.441406 0.516667 0.026562 0.045833
4 0.480469 0.518750 0.032813 0.066667
4 0.506250 0.552083 0.068750 0.141667
6 0.467187 0.505208 0.025000 0.052083
4 0.475781 0.521875 0.029687 0.081250
