6 0.258594 0.509375 0.035937 0.072917
4 0.277344 0.523958 0.029687 0.081250
4 0.492969 0.558333 0.092188 0.258333
4 0.360156 0.516667 0.032813 0.066667
4 0.340625 0.521875 0.034375 0.097917
4 0.240625 0.552083 0.125000 0.216667
4 0.408594 0.527083 0.054688 0.108333
4 0.220312 0.519792 0.031250 0.081250
4 0.410938 0.520833 0.046875 0.091667
4 0.376563 0.535417 0.059375 0.129167
4 0.785937 0.667708 0.343750 0.660417
4 0.292969 0.545833 0.076563 0.166667
6 0.451562 0.511458 0.028125 0.052083
4 0.317188 0.526042 0.059375 0.114583
4 0.313281 0.650000 0.232813 0.650000
4 0.294531 0.577083 0.120313 0.337500
