4 0.392188 0.640625 0.365625 0.714583
4 0.522656 0.583333 0.129688 0.320833
6 0.490625 0.514583 0.021875 0.045833
4 0.527344 0.514583 0.023438 0.066667
4 0.550781 0.527083 0.045312 0.095833
4 0.399219 0.518750 0.042188 0.070833
4 0.388281 0.553125 0.054688 0.202083
4 0.532813 0.541667 0.068750 0.150000
4 0.435156 0.532292 0.060937 0.122917
4 0.506250 0.517708 0.043750 0.072917
4 0.421875 0.521875 0.037500 0.081250
4 0.371875 0.590625 0.021875 0.047917
4 0.578906 0.550000 0.110937 0.187500
6 0.525000 0.513542 0.025000 0.056250
6 0.404687 0.515625 0.018750 0.039583
4 0.470313 0.521875 0.053125 0.089583
6 0.477344 0.505208 0.026562 0.052083
