6 0.518750 0.514583 0.028125 0.058333
4 0.510156 0.515625 0.032813 0.060417
4 0.410156 0.532292 0.045312 0.127083
4 0.435937 0.516667 0.037500 0.070833
4 0.451562 0.545833 0.056250 0.154167
4 0.442969 0.558333 0.114062 0.204167
6 0.489063 0.505208 0.025000 0.052083
4 0.528906 0.518750 0.045312 0.075000
4 0.406250 0.520833 0.046875 0.079167
6 0.405469 0.514583 0.017188 0.033333
6 0.479687 0.513542 0.021875 0.043750
4 0.373437 0.551042 0.025000 0.139583
4 0.494531 0.532292 0.060937 0.122917
4 0.474219 0.528125 0.029687 0.085417
