4 0.646875 0.589583 0.162500 0.316667
4 0.524219 0.527083 0.048438 0.095833
4 0.440625 0.517708 0.034375 0.064583
4 0.367188 0.580208 0.012500 0.127083
4 0.432031 0.523958 0.032813 0.089583
4 0.574219 0.534375 0.076563 0.122917
6 0.403125 0.515625 0.018750 0.039583
4 0.403906 0.529167 0.054688 0.104167
4 0.396094 0.517708 0.035937 0.068750
4 0.532813 0.553125 0.096875 0.189583
4 0.635156 0.540625 0.073438 0.160417
6 0.488281 0.512500 0.020313 0.041667
6 0.519531 0.511458 0.023438 0.047917
4 0.523438 0.518750 0.034375 0.062500
6 0.447656 0.505208 0.026562 0.052083
4 0.464062 0.518750 0.043750 0.075000
4 0.490625 0.536458 0.056250 0.156250
