4 0.453906 0.597917 0.145313 0.404167
6 0.425000 0.504167 0.028125 0.050000
4 0.382812 0.529167 0.043750 0.112500
4 0.433594 0.519792 0.042188 0.072917
4 0.424219 0.516667 0.039062 0.066667
4 0.415625 0.539583 0.068750 0.133333
4 0.404687 0.525000 0.037500 0.095833
4 0.582812 0.532292 0.068750 0.131250
6 0.538281 0.510417 0.023438 0.045833
4 0.505469 0.520833 0.032813 0.083333
4 0.639062 0.546875 0.065625 0.189583
4 0.485156 0.560417 0.135937 0.229167
4 0.461719 0.514583 0.023438 0.062500
4 0.373437 0.553125 0.025000 0.185417
6 0.395313 0.515625 0.018750 0.039583
6 0.500781 0.511458 0.020313 0.039583
4 0.533594 0.516667 0.023438 0.058333
4 0.489844 0.526042 0.057813 0.093750
