4 0.427344 0.532292 0.051562 0.127083
4 0.528906 0.518750 0.045312 0.075000
4 0.436719 0.519792 0.042188 0.081250
4 0.379688 0.541667 0.037500 0.150000
4 0.510156 0.543750 0.067187 0.170833
6 0.527344 0.513542 0.026562 0.056250
4 0.521875 0.516667 0.025000 0.062500
4 0.540625 0.527083 0.062500 0.104167
4 0.425000 0.517708 0.040625 0.068750
4 0.367969 0.632292 0.014063 0.039583
4 0.533594 0.556250 0.126562 0.212500
6 0.491406 0.505208 0.026562 0.052083
6 0.404687 0.515625 0.018750 0.035417
6 0.487500 0.513542 0.021875 0.043750
4 0.471875 0.526042 0.050000 0.089583
