6 0.487500 0.505208 0.025000 0.052083
4 0.552344 0.518750 0.029687 0.083333
4 0.407031 0.521875 0.035937 0.089583
4 0.367188 0.540625 0.012500 0.127083
4 0.488281 0.514583 0.032813 0.062500
4 0.412500 0.533333 0.040625 0.108333
4 0.489844 0.532292 0.042188 0.110417
4 0.435156 0.517708 0.026562 0.068750
4 0.454688 0.540625 0.046875 0.131250
4 0.442188 0.553125 0.062500 0.168750
6 0.405469 0.514583 0.017188 0.033333
6 0.471094 0.513542 0.023438 0.043750
6 0.520312 0.512500 0.028125 0.054167
4 0.469531 0.526042 0.045312 0.089583
