4 0.514062 0.632292 0.243750 0.485417
6 0.403906 0.514583 0.017188 0.037500
4 0.389062 0.526042 0.040625 0.114583
4 0.392969 0.518750 0.026562 0.079167
4 0.398438 0.545833 0.075000 0.158333
4 0.503125 0.561458 0.084375 0.239583
4 0.614844 0.554167 0.114062 0.187500
6 0.489844 0.514583 0.020313 0.045833
4 0.549219 0.523958 0.048438 0.089583
4 0.444531 0.515625 0.039062 0.068750
4 0.583594 0.533333 0.048438 0.133333
6 0.521875 0.513542 0.025000 0.056250
4 0.428906 0.525000 0.042188 0.091667
4 0.528125 0.516667 0.031250 0.062500
4 0.466406 0.521875 0.029687 0.077083
6 0.461719 0.505208 0.026562 0.052083
