4 0.784375 0.580208 0.125000 0.310417
4 0.618750 0.552083 0.115625 0.195833
4 0.549219 0.587500 0.135937 0.341667
4 0.096875 0.545833 0.071875 0.179167
4 0.960938 0.551042 0.040625 0.197917
4 0.868750 0.552083 0.078125 0.216667
4 0.972656 0.635417 0.017188 0.237500
4 0.210938 0.561458 0.121875 0.218750
4 0.317188 0.544792 0.100000 0.168750
4 0.221875 0.623958 0.200000 0.431250
4 0.111719 0.523958 0.035937 0.102083
4 0.321875 0.522917 0.034375 0.100000
4 0.268750 0.519792 0.037500 0.072917
4 0.748437 0.527083 0.043750 0.112500
4 0.366406 0.520833 0.039062 0.075000
