4 0.525000 0.591667 0.146875 0.316667
6 0.439844 0.504167 0.026562 0.050000
4 0.421875 0.533333 0.040625 0.112500
4 0.423438 0.517708 0.043750 0.077083
4 0.389062 0.518750 0.031250 0.070833
4 0.495312 0.563542 0.103125 0.222917
4 0.424219 0.526042 0.057813 0.093750
4 0.611719 0.538542 0.085938 0.147917
4 0.521875 0.514583 0.025000 0.062500
4 0.513281 0.523958 0.035937 0.106250
4 0.443750 0.516667 0.025000 0.070833
4 0.386719 0.556250 0.051562 0.187500
6 0.403125 0.514583 0.018750 0.037500
6 0.486719 0.512500 0.020313 0.041667
6 0.527344 0.512500 0.023438 0.050000
4 0.504687 0.528125 0.043750 0.122917
4 0.498437 0.538542 0.087500 0.147917
