4 0.475000 0.516667 0.028125 0.070833
4 0.397656 0.527083 0.051562 0.100000
4 0.521875 0.526042 0.062500 0.106250
4 0.432812 0.516667 0.021875 0.058333
4 0.521875 0.536458 0.078125 0.127083
4 0.490625 0.544792 0.100000 0.168750
6 0.406250 0.514583 0.015625 0.033333
4 0.539062 0.520833 0.037500 0.079167
4 0.386719 0.521875 0.051562 0.089583
4 0.402344 0.533333 0.076563 0.129167
6 0.460156 0.513542 0.023438 0.043750
6 0.529687 0.513542 0.028125 0.056250
6 0.488281 0.507292 0.026562 0.047917
4 0.475000 0.522917 0.034375 0.087500
