6 0.409375 0.505208 0.025000 0.052083
6 0.382031 0.514583 0.020313 0.037500
4 0.467187 0.528125 0.043750 0.110417
4 0.382812 0.518750 0.031250 0.079167
4 0.436719 0.515625 0.023438 0.064583
4 0.383594 0.539583 0.045312 0.158333
4 0.395313 0.531250 0.034375 0.095833
6 0.512500 0.510417 0.018750 0.037500
4 0.647656 0.554167 0.048438 0.179167
4 0.428125 0.512500 0.031250 0.054167
4 0.382812 0.558333 0.043750 0.204167
4 0.495312 0.558333 0.115625 0.208333
6 0.542969 0.510417 0.023438 0.045833
4 0.470313 0.536458 0.081250 0.131250
4 0.454688 0.521875 0.034375 0.077083
4 0.496094 0.544792 0.073438 0.160417
4 0.478906 0.522917 0.035937 0.091667
