6 0.413281 0.514583 0.017188 0.033333
4 0.542188 0.520833 0.028125 0.083333
4 0.412500 0.523958 0.053125 0.085417
4 0.424219 0.536458 0.054688 0.156250
6 0.447656 0.513542 0.023438 0.043750
4 0.434375 0.525000 0.056250 0.095833
4 0.426563 0.513542 0.034375 0.060417
4 0.401562 0.552083 0.081250 0.195833
4 0.527344 0.537500 0.051562 0.150000
4 0.579688 0.552083 0.100000 0.195833
6 0.546094 0.512500 0.029687 0.054167
4 0.475000 0.520833 0.037500 0.066667
6 0.473438 0.502083 0.025000 0.045833
4 0.475000 0.523958 0.031250 0.081250
4 0.484375 0.531250 0.059375 0.120833
