4 0.463281 0.516667 0.039062 0.066667
4 0.492188 0.525000 0.037500 0.104167
4 0.442188 0.541667 0.062500 0.175000
4 0.404687 0.517708 0.034375 0.068750
4 0.366406 0.542708 0.010937 0.106250
6 0.438281 0.514583 0.017188 0.033333
4 0.535156 0.519792 0.045312 0.072917
4 0.394531 0.522917 0.048438 0.091667
4 0.446875 0.562500 0.096875 0.245833
4 0.553906 0.547917 0.079687 0.170833
6 0.418750 0.505208 0.025000 0.052083
6 0.556250 0.514583 0.031250 0.062500
6 0.400781 0.513542 0.023438 0.043750
4 0.470313 0.522917 0.031250 0.083333
