4 0.462500 0.526042 0.059375 0.102083
4 0.278906 0.519792 0.045312 0.077083
4 0.406250 0.520833 0.028125 0.075000
4 0.326562 0.528125 0.046875 0.118750
4 0.618750 0.586458 0.190625 0.306250
4 0.369531 0.525000 0.048438 0.095833
4 0.489844 0.533333 0.073438 0.120833
4 0.325781 0.519792 0.026562 0.068750
4 0.484375 0.562500 0.084375 0.216667
4 0.384375 0.515625 0.037500 0.064583
4 0.056250 0.616667 0.112500 0.400000
4 0.350000 0.521875 0.031250 0.077083
4 0.398438 0.540625 0.065625 0.164583
6 0.292969 0.507292 0.029687 0.060417
6 0.460938 0.511458 0.025000 0.047917
4 0.325781 0.578125 0.176563 0.297917
