0 0.179688 0.596875 0.212500 0.510417
0 0.732031 0.507292 0.045312 0.156250
0 0.807031 0.506250 0.060937 0.141667
0 0.696875 0.513542 0.034375 0.077083
0 0.627344 0.513542 0.026562 0.077083
0 0.609375 0.511458 0.034375 0.085417
0 0.532813 0.509375 0.025000 0.081250
13 0.699219 0.498958 0.017188 0.039583
0 0.740625 0.508333 0.015625 0.045833
13 0.647656 0.497917 0.010937 0.037500
0 0.664844 0.507292 0.017188 0.047917
0 0.663281 0.510417 0.020313 0.058333
0 0.587500 0.505208 0.012500 0.039583
11 0.815625 0.434375 0.034375 0.039583
7 0.722656 0.401042 0.039062 0.064583
0 0.737500 0.509375 0.015625 0.052083
