0 0.612500 0.553125 0.053125 0.189583
0 0.629687 0.546875 0.065625 0.143750
0 0.535937 0.535417 0.037500 0.083333
0 0.486719 0.536458 0.029687 0.089583
0 0.378125 0.534375 0.043750 0.122917
0 0.475000 0.543750 0.040625 0.108333
13 0.489063 0.505208 0.012500 0.039583
0 0.512500 0.520833 0.018750 0.050000
0 0.514062 0.526042 0.021875 0.064583
0 0.428125 0.515625 0.015625 0.043750
11 0.616406 0.447917 0.032813 0.037500
7 0.573438 0.410417 0.040625 0.066667
0 0.563281 0.522917 0.023438 0.054167
13 0.536719 0.505208 0.014063 0.043750
0 0.577344 0.517708 0.017188 0.047917
