6 0.675000 0.240625 0.015625 0.031250
6 0.703125 0.178125 0.021875 0.039583
6 0.729688 0.164583 0.021875 0.045833
6 0.554688 0.601042 0.125000 0.210417
13 0.408594 0.505208 0.051562 0.118750
7 0.256250 0.396875 0.053125 0.089583
11 0.618750 0.183333 0.050000 0.066667
7 0.282813 0.511458 0.059375 0.102083
7 0.221875 0.398958 0.037500 0.064583
8 0.085156 0.512500 0.079687 0.100000
7 0.200781 0.369792 0.067187 0.114583
9 0.203906 0.504167 0.039062 0.087500
6 0.680469 0.275000 0.014063 0.029167
6 0.663281 0.177083 0.020313 0.037500
6 0.689063 0.158333 0.028125 0.041667
6 0.174219 0.330208 0.020313 0.035417
