6 0.699219 0.235417 0.017188 0.033333
6 0.789062 0.120833 0.025000 0.050000
6 0.125781 0.306250 0.032813 0.054167
7 0.113281 0.341667 0.092188 0.154167
7 0.232813 0.530208 0.078125 0.131250
7 0.182812 0.397917 0.040625 0.070833
9 0.145313 0.516667 0.046875 0.108333
6 0.748437 0.104167 0.025000 0.050000
6 0.707812 0.254167 0.015625 0.033333
13 0.394531 0.520833 0.076563 0.162500
7 0.210938 0.384375 0.065625 0.110417
6 0.693750 0.151042 0.021875 0.047917
8 0.020313 0.530208 0.040625 0.114583
11 0.639062 0.144792 0.075000 0.085417
