5 0.438281 0.693750 0.423438 0.608333
8 0.592187 0.507292 0.031250 0.039583
0 0.120313 0.518750 0.021875 0.050000
5 0.389062 0.513542 0.021875 0.039583
3 0.444531 0.511458 0.017188 0.039583
3 0.278906 0.515625 0.026562 0.052083
0 0.087500 0.520833 0.021875 0.045833
0 0.173437 0.518750 0.021875 0.050000
0 0.084375 0.519792 0.018750 0.052083
1 0.001563 0.763542 0.003125 0.239583
1 0.614062 0.673958 0.234375 0.389583
5 0.982812 0.566667 0.031250 0.125000
3 0.853125 0.236458 0.071875 0.102083
13 0.353125 0.450000 0.012500 0.037500
