0 0.574219 0.534375 0.051562 0.114583
0 0.571094 0.513542 0.020313 0.043750
0 0.568750 0.519792 0.025000 0.060417
0 0.588281 0.526042 0.035937 0.085417
0 0.567969 0.525000 0.035937 0.079167
0 0.579688 0.523958 0.028125 0.068750
0 0.630469 0.529167 0.032813 0.083333
0 0.635938 0.536458 0.050000 0.122917
0 0.579688 0.516667 0.025000 0.058333
0 0.611719 0.521875 0.026562 0.056250
0 0.569531 0.514583 0.017188 0.045833
0 0.584375 0.520833 0.028125 0.066667
0 0.564063 0.516667 0.018750 0.050000
0 0.601562 0.531250 0.037500 0.095833
0 0.525000 0.543750 0.065625 0.145833
0 0.582812 0.515625 0.021875 0.052083
0 0.603125 0.518750 0.025000 0.058333
0 0.600781 0.513542 0.020313 0.047917
0 0.541406 0.529167 0.035937 0.100000
0 0.540625 0.518750 0.025000 0.054167
0 0.562500 0.516667 0.015625 0.045833
0 0.597656 0.514583 0.014063 0.050000
0 0.567969 0.511458 0.014063 0.039583
0 0.568750 0.512500 0.015625 0.041667
0 0.588281 0.511458 0.014063 0.043750
0 0.539844 0.511458 0.010937 0.043750
0 0.607031 0.513542 0.017188 0.043750
0 0.658594 0.530208 0.042188 0.097917
0 0.621094 0.523958 0.017188 0.064583
0 0.547656 0.516667 0.023438 0.054167
0 0.542188 0.521875 0.025000 0.060417
0 0.530469 0.522917 0.032813 0.079167
0 0.514062 0.535417 0.050000 0.112500
0 0.544531 0.513542 0.020313 0.047917
0 0.550000 0.513542 0.018750 0.043750
0 0.545312 0.511458 0.009375 0.039583
