0 0.542969 0.521875 0.035937 0.081250
0 0.585938 0.521875 0.037500 0.081250
0 0.580469 0.515625 0.029687 0.060417
0 0.557031 0.530208 0.039062 0.097917
0 0.432812 0.572917 0.118750 0.266667
0 0.504687 0.557292 0.071875 0.197917
0 0.551562 0.518750 0.025000 0.062500
0 0.510938 0.519792 0.025000 0.072917
0 0.572656 0.528125 0.035937 0.085417
0 0.509375 0.519792 0.025000 0.064583
0 0.594531 0.531250 0.039062 0.100000
0 0.505469 0.521875 0.029687 0.077083
0 0.517188 0.538542 0.053125 0.135417
0 0.542188 0.520833 0.028125 0.066667
0 0.516406 0.537500 0.029687 0.108333
0 0.496094 0.526042 0.026562 0.093750
0 0.553906 0.515625 0.026562 0.056250
0 0.517969 0.514583 0.023438 0.054167
0 0.532813 0.516667 0.021875 0.054167
0 0.501563 0.515625 0.015625 0.056250
0 0.556250 0.514583 0.018750 0.054167
0 0.535937 0.514583 0.018750 0.050000
0 0.491406 0.513542 0.007812 0.056250
0 0.510938 0.513542 0.018750 0.047917
