0 0.446094 0.543750 0.067187 0.158333
0 0.443750 0.525000 0.037500 0.091667
0 0.429688 0.527083 0.043750 0.100000
0 0.396094 0.534375 0.042188 0.118750
0 0.354687 0.530208 0.028125 0.102083
0 0.393750 0.527083 0.025000 0.091667
0 0.442188 0.522917 0.037500 0.083333
0 0.371094 0.522917 0.026562 0.075000
0 0.352344 0.526042 0.042188 0.093750
0 0.384375 0.523958 0.046875 0.081250
0 0.471094 0.528125 0.042188 0.097917
0 0.400000 0.522917 0.028125 0.070833
0 0.325781 0.529167 0.007812 0.075000
0 0.328906 0.526042 0.014063 0.072917
0 0.340625 0.522917 0.028125 0.070833
