0 0.701562 0.655208 0.178125 0.510417
0 0.438281 0.647917 0.195312 0.445833
0 0.251563 0.620833 0.175000 0.383333
0 0.498437 0.540625 0.062500 0.139583
0 0.483594 0.518750 0.026562 0.062500
0 0.485156 0.529167 0.045312 0.100000
0 0.457031 0.512500 0.014063 0.037500
0 0.429688 0.510417 0.015625 0.037500
0 0.429688 0.511458 0.018750 0.043750
0 0.447656 0.513542 0.017188 0.039583
0 0.437500 0.512500 0.018750 0.041667
0 0.470313 0.518750 0.025000 0.054167
0 0.425000 0.515625 0.021875 0.052083
0 0.435156 0.514583 0.023438 0.050000
0 0.440625 0.517708 0.025000 0.056250
0 0.436719 0.531250 0.048438 0.104167
0 0.543750 0.582292 0.118750 0.260417
0 0.449219 0.519792 0.026562 0.064583
0 0.441406 0.526042 0.039062 0.085417
0 0.486719 0.526042 0.039062 0.089583
0 0.436719 0.540625 0.057813 0.135417
0 0.428906 0.510417 0.017188 0.037500
0 0.459375 0.513542 0.015625 0.043750
0 0.549219 0.561458 0.067187 0.185417
0 0.407813 0.519792 0.021875 0.064583
0 0.484375 0.520833 0.031250 0.066667
0 0.477344 0.523958 0.035937 0.077083
0 0.439063 0.535417 0.053125 0.116667
0 0.461719 0.550000 0.064062 0.154167
0 0.439844 0.517708 0.026562 0.060417
0 0.439844 0.528125 0.042188 0.093750
0 0.433594 0.523958 0.032813 0.077083
0 0.441406 0.520833 0.032813 0.070833
0 0.375000 0.540625 0.062500 0.131250
0 0.453125 0.516667 0.018750 0.050000
0 0.465625 0.514583 0.021875 0.050000
0 0.440625 0.512500 0.012500 0.045833
0 0.463281 0.512500 0.010937 0.045833
0 0.411719 0.570833 0.067187 0.225000
0 0.449219 0.510417 0.010937 0.037500
0 0.369531 0.548958 0.045312 0.156250
0 0.448437 0.509375 0.012500 0.031250
0 0.428125 0.509375 0.012500 0.035417
0 0.432031 0.509375 0.010937 0.031250
0 0.426563 0.509375 0.012500 0.031250
0 0.517969 0.535417 0.039062 0.116667
0 0.468750 0.510417 0.012500 0.033333
0 0.483594 0.516667 0.017188 0.050000
0 0.469531 0.511458 0.017188 0.039583
0 0.307812 0.572917 0.109375 0.245833
0 0.394531 0.523958 0.035937 0.081250
0 0.393750 0.521875 0.031250 0.072917
0 0.410156 0.513542 0.017188 0.047917
0 0.375781 0.532292 0.042188 0.102083
0 0.395313 0.527083 0.040625 0.087500
0 0.414844 0.512500 0.020313 0.045833
0 0.367969 0.536458 0.054688 0.118750
0 0.412500 0.512500 0.018750 0.041667
0 0.409375 0.518750 0.021875 0.058333
0 0.409375 0.513542 0.021875 0.052083
0 0.402344 0.517708 0.020313 0.056250
