0 0.596094 0.523958 0.064062 0.122917
0 0.561719 0.515625 0.029687 0.085417
0 0.508594 0.514583 0.039062 0.087500
0 0.575000 0.511458 0.025000 0.072917
0 0.534375 0.512500 0.025000 0.075000
0 0.536719 0.512500 0.035937 0.079167
0 0.536719 0.516667 0.032813 0.095833
0 0.560156 0.518750 0.029687 0.108333
0 0.493750 0.510417 0.031250 0.066667
0 0.531250 0.509375 0.021875 0.064583
0 0.528906 0.510417 0.023438 0.066667
0 0.591406 0.512500 0.035937 0.079167
0 0.494531 0.513542 0.035937 0.081250
0 0.480469 0.516667 0.045312 0.100000
0 0.498437 0.511458 0.025000 0.072917
0 0.563281 0.510417 0.017188 0.066667
0 0.496094 0.510417 0.020313 0.062500
