0 0.371094 0.519792 0.023438 0.052083
0 0.321094 0.561458 0.089063 0.193750
0 0.343750 0.550000 0.071875 0.162500
0 0.391406 0.522917 0.026562 0.070833
0 0.419531 0.518750 0.026562 0.058333
0 0.398438 0.532292 0.034375 0.089583
0 0.364063 0.533333 0.037500 0.104167
0 0.387500 0.528125 0.037500 0.085417
0 0.404687 0.520833 0.025000 0.062500
0 0.397656 0.518750 0.023438 0.050000
0 0.391406 0.537500 0.048438 0.112500
0 0.341406 0.528125 0.023438 0.085417
0 0.357031 0.532292 0.054688 0.093750
0 0.366406 0.518750 0.029687 0.062500
0 0.353125 0.517708 0.021875 0.047917
0 0.339844 0.517708 0.014063 0.056250
0 0.431250 0.521875 0.028125 0.068750
0 0.414062 0.517708 0.025000 0.056250
0 0.444531 0.529167 0.032813 0.083333
0 0.339844 0.520833 0.026562 0.066667
0 0.340625 0.528125 0.034375 0.068750
0 0.334375 0.519792 0.025000 0.056250
0 0.364844 0.515625 0.017188 0.047917
0 0.390625 0.514583 0.021875 0.050000
0 0.332031 0.515625 0.014063 0.052083
0 0.335938 0.514583 0.018750 0.050000
