0 0.529687 0.518750 0.021875 0.062500
0 0.518750 0.522917 0.028125 0.070833
0 0.564844 0.517708 0.029687 0.064583
0 0.543750 0.519792 0.031250 0.068750
0 0.529687 0.528125 0.043750 0.102083
0 0.559375 0.517708 0.021875 0.060417
0 0.547656 0.523958 0.023438 0.085417
0 0.517969 0.532292 0.032813 0.110417
0 0.525000 0.515625 0.025000 0.056250
0 0.492188 0.516667 0.028125 0.058333
0 0.527344 0.516667 0.026562 0.058333
0 0.600781 0.526042 0.042188 0.089583
0 0.483594 0.519792 0.026562 0.068750
0 0.488281 0.527083 0.039062 0.087500
0 0.499219 0.517708 0.029687 0.064583
0 0.482812 0.521875 0.021875 0.077083
0 0.559375 0.515625 0.018750 0.056250
0 0.498437 0.516667 0.031250 0.054167
0 0.482031 0.513542 0.007812 0.052083
0 0.506250 0.516667 0.021875 0.045833
