0 0.619531 0.518750 0.029687 0.066667
0 0.591406 0.519792 0.032813 0.068750
0 0.622656 0.532292 0.042188 0.106250
0 0.653125 0.529167 0.050000 0.095833
0 0.686719 0.536458 0.057813 0.122917
0 0.554688 0.546875 0.068750 0.156250
0 0.600781 0.518750 0.023438 0.058333
0 0.610938 0.523958 0.040625 0.089583
0 0.637500 0.518750 0.025000 0.062500
0 0.617188 0.522917 0.037500 0.070833
0 0.583594 0.541667 0.032813 0.116667
0 0.575000 0.516667 0.028125 0.062500
0 0.634375 0.516667 0.021875 0.058333
0 0.595313 0.516667 0.021875 0.054167
0 0.668750 0.525000 0.040625 0.091667
0 0.584375 0.522917 0.034375 0.075000
0 0.565625 0.523958 0.037500 0.081250
0 0.605469 0.515625 0.017188 0.052083
0 0.633594 0.515625 0.020313 0.056250
0 0.579688 0.514583 0.018750 0.054167
0 0.571094 0.515625 0.020313 0.056250
