0 0.310156 0.565625 0.048438 0.172917
0 0.242188 0.518750 0.028125 0.062500
0 0.237500 0.523958 0.021875 0.077083
0 0.324219 0.521875 0.026562 0.064583
0 0.298438 0.516667 0.021875 0.054167
0 0.277344 0.525000 0.032813 0.083333
0 0.307812 0.538542 0.056250 0.127083
0 0.309375 0.534375 0.050000 0.110417
0 0.292187 0.533333 0.037500 0.091667
0 0.426563 0.552083 0.062500 0.175000
0 0.290625 0.522917 0.034375 0.075000
0 0.289844 0.517708 0.020313 0.060417
0 0.252344 0.527083 0.035937 0.091667
0 0.271875 0.517708 0.015625 0.056250
0 0.244531 0.521875 0.020313 0.072917
0 0.267188 0.521875 0.018750 0.064583
0 0.303125 0.544792 0.068750 0.135417
0 0.288281 0.519792 0.035937 0.060417
0 0.269531 0.514583 0.020313 0.050000
0 0.252344 0.517708 0.029687 0.056250
0 0.257031 0.515625 0.023438 0.052083
0 0.346875 0.522917 0.037500 0.070833
0 0.409375 0.545833 0.065625 0.145833
0 0.353906 0.526042 0.042188 0.085417
0 0.324219 0.516667 0.026562 0.058333
0 0.375000 0.534375 0.040625 0.102083
0 0.310937 0.514583 0.021875 0.054167
0 0.226562 0.528125 0.031250 0.081250
0 0.220312 0.537500 0.053125 0.120833
0 0.234375 0.542708 0.053125 0.131250
0 0.177344 0.571875 0.107813 0.239583
0 0.241406 0.518750 0.026562 0.058333
0 0.305469 0.514583 0.023438 0.050000
0 0.228125 0.515625 0.015625 0.052083
0 0.228125 0.514583 0.015625 0.050000
0 0.244531 0.514583 0.017188 0.050000
