0 0.547656 0.535417 0.045312 0.108333
0 0.525000 0.527083 0.037500 0.083333
0 0.539844 0.526042 0.032813 0.072917
0 0.502344 0.522917 0.023438 0.066667
0 0.511719 0.525000 0.032813 0.070833
0 0.562500 0.520833 0.028125 0.062500
0 0.543750 0.522917 0.025000 0.066667
0 0.550000 0.530208 0.025000 0.089583
0 0.518750 0.542708 0.034375 0.122917
0 0.526563 0.520833 0.025000 0.058333
0 0.501563 0.521875 0.021875 0.056250
0 0.517969 0.517708 0.020313 0.056250
0 0.526563 0.520833 0.028125 0.062500
0 0.610938 0.535417 0.046875 0.104167
0 0.583594 0.522917 0.029687 0.070833
0 0.483594 0.534375 0.045312 0.102083
0 0.482031 0.528125 0.023438 0.081250
0 0.489844 0.519792 0.023438 0.064583
0 0.557031 0.519792 0.023438 0.056250
0 0.492188 0.518750 0.028125 0.054167
