0 0.404687 0.552083 0.071875 0.154167
0 0.346875 0.545833 0.059375 0.137500
0 0.384375 0.527083 0.037500 0.087500
0 0.336719 0.530208 0.042188 0.097917
0 0.362500 0.541667 0.043750 0.112500
0 0.392188 0.531250 0.031250 0.091667
0 0.395313 0.535417 0.037500 0.100000
0 0.291406 0.531250 0.045312 0.100000
0 0.307031 0.535417 0.029687 0.108333
0 0.351562 0.530208 0.031250 0.081250
0 0.295312 0.528125 0.043750 0.085417
0 0.341406 0.528125 0.029687 0.072917
0 0.290625 0.527083 0.031250 0.079167
0 0.325000 0.523958 0.018750 0.072917
0 0.256250 0.546875 0.065625 0.143750
0 0.367188 0.525000 0.021875 0.075000
0 0.299219 0.523958 0.035937 0.072917
