0 0.573438 0.525000 0.040625 0.116667
0 0.628125 0.528125 0.059375 0.135417
0 0.540625 0.519792 0.043750 0.097917
0 0.579688 0.508333 0.015625 0.045833
0 0.554688 0.507292 0.015625 0.039583
0 0.579688 0.512500 0.028125 0.062500
0 0.545312 0.507292 0.018750 0.043750
0 0.547656 0.512500 0.029687 0.066667
0 0.482812 0.535417 0.065625 0.145833
0 0.521094 0.528125 0.051562 0.131250
0 0.546094 0.509375 0.020313 0.047917
0 0.580469 0.517708 0.029687 0.072917
0 0.556250 0.512500 0.021875 0.058333
0 0.560937 0.513542 0.031250 0.072917
0 0.575000 0.520833 0.037500 0.079167
0 0.573438 0.508333 0.018750 0.041667
0 0.588281 0.514583 0.032813 0.075000
0 0.591406 0.519792 0.039062 0.102083
0 0.522656 0.526042 0.045312 0.110417
0 0.567187 0.508333 0.015625 0.037500
0 0.551562 0.509375 0.018750 0.052083
0 0.523438 0.516667 0.040625 0.091667
0 0.552344 0.529167 0.067187 0.133333
0 0.559375 0.510417 0.015625 0.054167
0 0.546875 0.509375 0.012500 0.043750
0 0.530469 0.515625 0.023438 0.081250
0 0.529687 0.510417 0.015625 0.054167
0 0.532813 0.506250 0.012500 0.037500
0 0.553125 0.506250 0.012500 0.037500
0 0.609375 0.513542 0.028125 0.068750
0 0.585156 0.509375 0.023438 0.052083
0 0.592969 0.510417 0.026562 0.058333
0 0.740625 0.553125 0.084375 0.235417
0 0.660937 0.535417 0.059375 0.150000
0 0.631250 0.523958 0.050000 0.118750
0 0.619531 0.520833 0.023438 0.083333
0 0.524219 0.510417 0.010937 0.041667
0 0.510156 0.514583 0.032813 0.075000
0 0.517969 0.511458 0.023438 0.060417
0 0.521094 0.509375 0.020313 0.047917
0 0.492188 0.520833 0.043750 0.104167
0 0.537500 0.506250 0.012500 0.037500
0 0.570312 0.507292 0.015625 0.039583
0 0.556250 0.506250 0.012500 0.037500
0 0.521875 0.506250 0.009375 0.037500
