0 0.642969 0.530208 0.035937 0.089583
0 0.653906 0.525000 0.026562 0.087500
0 0.643750 0.511458 0.015625 0.039583
0 0.650000 0.510417 0.015625 0.037500
0 0.648438 0.510417 0.015625 0.033333
0 0.625781 0.511458 0.017188 0.039583
0 0.629687 0.509375 0.012500 0.035417
0 0.647656 0.518750 0.023438 0.066667
0 0.660156 0.521875 0.039062 0.077083
0 0.660156 0.521875 0.026562 0.068750
0 0.660937 0.512500 0.021875 0.045833
0 0.622656 0.513542 0.023438 0.052083
0 0.648438 0.514583 0.025000 0.054167
0 0.634375 0.511458 0.021875 0.047917
0 0.630469 0.513542 0.023438 0.052083
0 0.725781 0.542708 0.054688 0.139583
0 0.593750 0.521875 0.037500 0.085417
0 0.735938 0.552083 0.078125 0.187500
0 0.623437 0.509375 0.012500 0.039583
0 0.640625 0.511458 0.018750 0.043750
0 0.625000 0.517708 0.021875 0.056250
0 0.618750 0.515625 0.025000 0.056250
0 0.628125 0.531250 0.046875 0.108333
0 0.700000 0.536458 0.050000 0.122917
0 0.592969 0.526042 0.042188 0.093750
0 0.685156 0.518750 0.023438 0.062500
0 0.651563 0.509375 0.012500 0.035417
0 0.618750 0.513542 0.018750 0.039583
0 0.573438 0.541667 0.068750 0.154167
0 0.640625 0.538542 0.037500 0.131250
0 0.650000 0.516667 0.025000 0.058333
0 0.641406 0.545833 0.045312 0.158333
0 0.648438 0.513542 0.009375 0.039583
0 0.664844 0.515625 0.014063 0.047917
0 0.618750 0.508333 0.015625 0.033333
0 0.635156 0.508333 0.014063 0.033333
0 0.644531 0.508333 0.020313 0.033333
0 0.698438 0.519792 0.034375 0.068750
0 0.700000 0.522917 0.028125 0.075000
0 0.693750 0.529167 0.043750 0.100000
0 0.670312 0.510417 0.015625 0.033333
0 0.705469 0.526042 0.032813 0.093750
0 0.667969 0.511458 0.017188 0.039583
0 0.669531 0.512500 0.017188 0.037500
0 0.675000 0.517708 0.021875 0.056250
0 0.683594 0.515625 0.023438 0.056250
0 0.707031 0.526042 0.032813 0.081250
0 0.596094 0.519792 0.029687 0.068750
0 0.594531 0.518750 0.026562 0.062500
0 0.520312 0.553125 0.081250 0.181250
0 0.619531 0.510417 0.017188 0.037500
0 0.612500 0.512500 0.018750 0.045833
0 0.591406 0.520833 0.020313 0.075000
0 0.661719 0.508333 0.014063 0.033333
0 0.616406 0.507292 0.010937 0.031250
