0 0.484375 0.530208 0.043750 0.102083
0 0.489844 0.544792 0.067187 0.160417
0 0.437500 0.542708 0.059375 0.131250
0 0.488281 0.512500 0.020313 0.045833
0 0.507812 0.522917 0.034375 0.083333
0 0.508594 0.534375 0.051562 0.118750
0 0.428125 0.525000 0.040625 0.091667
0 0.453125 0.514583 0.021875 0.054167
0 0.507812 0.541667 0.059375 0.133333
0 0.571094 0.548958 0.070312 0.160417
0 0.455469 0.533333 0.054688 0.120833
0 0.485156 0.513542 0.020313 0.047917
0 0.465625 0.511458 0.018750 0.043750
0 0.492969 0.520833 0.029687 0.075000
0 0.473438 0.513542 0.025000 0.052083
0 0.457813 0.513542 0.018750 0.047917
0 0.493750 0.519792 0.025000 0.064583
0 0.486719 0.526042 0.042188 0.093750
0 0.466406 0.513542 0.017188 0.043750
0 0.463281 0.519792 0.023438 0.064583
0 0.467187 0.526042 0.031250 0.077083
0 0.456250 0.519792 0.021875 0.072917
0 0.471875 0.516667 0.015625 0.058333
0 0.437500 0.510417 0.018750 0.041667
0 0.461719 0.511458 0.014063 0.035417
0 0.457813 0.510417 0.018750 0.041667
0 0.570312 0.540625 0.065625 0.143750
0 0.493750 0.511458 0.015625 0.043750
0 0.523438 0.532292 0.043750 0.097917
0 0.489063 0.510417 0.018750 0.041667
0 0.500000 0.515625 0.025000 0.056250
0 0.772656 0.618750 0.114062 0.400000
0 0.503906 0.516667 0.017188 0.062500
0 0.430469 0.513542 0.020313 0.047917
0 0.431250 0.517708 0.028125 0.060417
0 0.408594 0.533333 0.048438 0.108333
0 0.407031 0.529167 0.039062 0.095833
0 0.432031 0.521875 0.039062 0.077083
0 0.431250 0.520833 0.028125 0.058333
0 0.429688 0.515625 0.025000 0.056250
0 0.403125 0.552083 0.065625 0.154167
0 0.435156 0.511458 0.014063 0.043750
0 0.478906 0.511458 0.014063 0.039583
0 0.432031 0.510417 0.014063 0.037500
