0 0.392969 0.521875 0.032813 0.072917
0 0.369531 0.536458 0.054688 0.122917
0 0.310156 0.536458 0.045312 0.127083
0 0.367969 0.519792 0.029687 0.068750
0 0.358594 0.515625 0.026562 0.060417
0 0.327344 0.516667 0.026562 0.062500
0 0.397656 0.529167 0.048438 0.108333
0 0.347656 0.530208 0.048438 0.110417
0 0.400781 0.526042 0.042188 0.093750
0 0.353906 0.526042 0.042188 0.097917
0 0.337500 0.526042 0.034375 0.077083
0 0.352344 0.517708 0.029687 0.064583
0 0.277344 0.530208 0.045312 0.106250
0 0.292969 0.527083 0.035937 0.079167
0 0.271094 0.532292 0.048438 0.118750
0 0.300000 0.520833 0.031250 0.075000
0 0.428906 0.534375 0.054688 0.122917
