0 0.555469 0.529167 0.035937 0.091667
0 0.499219 0.523958 0.032813 0.089583
0 0.549219 0.522917 0.032813 0.079167
0 0.515625 0.520833 0.031250 0.070833
0 0.537500 0.550000 0.071875 0.162500
0 0.539844 0.511458 0.014063 0.039583
0 0.532031 0.510417 0.010937 0.033333
0 0.538281 0.514583 0.026562 0.054167
0 0.528906 0.512500 0.020313 0.045833
0 0.503125 0.514583 0.018750 0.045833
0 0.547656 0.514583 0.017188 0.050000
0 0.630469 0.559375 0.092188 0.202083
0 0.532813 0.510417 0.012500 0.037500
0 0.514844 0.511458 0.017188 0.039583
0 0.550000 0.512500 0.015625 0.041667
0 0.518750 0.516667 0.021875 0.062500
0 0.495312 0.516667 0.021875 0.054167
0 0.529687 0.515625 0.025000 0.056250
0 0.595313 0.534375 0.050000 0.114583
0 0.479687 0.528125 0.046875 0.102083
0 0.560937 0.516667 0.021875 0.062500
0 0.540625 0.509375 0.015625 0.035417
0 0.525000 0.512500 0.015625 0.041667
0 0.449219 0.546875 0.076563 0.168750
0 0.532813 0.510417 0.018750 0.037500
0 0.517969 0.511458 0.014063 0.039583
0 0.500000 0.517708 0.028125 0.064583
0 0.541406 0.525000 0.023438 0.087500
0 0.596094 0.539583 0.039062 0.137500
0 0.519531 0.533333 0.032813 0.112500
0 0.515625 0.509375 0.009375 0.035417
0 0.539844 0.520833 0.023438 0.062500
0 0.527344 0.539583 0.039062 0.133333
0 0.510156 0.508333 0.010937 0.033333
0 0.523438 0.508333 0.012500 0.033333
0 0.530469 0.508333 0.017188 0.033333
0 0.589844 0.526042 0.032813 0.093750
0 0.553906 0.510417 0.014063 0.037500
0 0.558594 0.512500 0.020313 0.045833
0 0.557031 0.511458 0.014063 0.039583
0 0.575000 0.515625 0.025000 0.056250
0 0.568750 0.515625 0.021875 0.052083
0 0.576562 0.519792 0.025000 0.064583
0 0.588281 0.520833 0.032813 0.075000
0 0.606250 0.531250 0.046875 0.100000
0 0.589844 0.522917 0.035937 0.079167
0 0.556250 0.510417 0.012500 0.033333
0 0.506250 0.509375 0.015625 0.039583
0 0.498437 0.514583 0.021875 0.054167
0 0.498437 0.511458 0.018750 0.047917
0 0.484375 0.518750 0.031250 0.070833
0 0.479687 0.520833 0.021875 0.075000
0 0.546875 0.509375 0.012500 0.031250
