0 0.385937 0.514583 0.018750 0.050000
0 0.412500 0.526042 0.031250 0.089583
0 0.377344 0.512500 0.020313 0.045833
0 0.381250 0.519792 0.031250 0.068750
0 0.395313 0.523958 0.040625 0.081250
0 0.356250 0.531250 0.037500 0.095833
0 0.400781 0.529167 0.039062 0.095833
0 0.424219 0.525000 0.032813 0.079167
0 0.428906 0.534375 0.042188 0.106250
0 0.466406 0.558333 0.073438 0.166667
0 0.400000 0.516667 0.025000 0.054167
0 0.385937 0.541667 0.059375 0.137500
0 0.482031 0.544792 0.064062 0.147917
0 0.364063 0.535417 0.046875 0.112500
0 0.405469 0.513542 0.020313 0.047917
0 0.383594 0.511458 0.020313 0.043750
0 0.407813 0.520833 0.028125 0.062500
0 0.437500 0.521875 0.031250 0.072917
0 0.377344 0.521875 0.020313 0.072917
0 0.385156 0.546875 0.079687 0.156250
0 0.392188 0.517708 0.015625 0.060417
0 0.377344 0.515625 0.010937 0.043750
0 0.360938 0.526042 0.025000 0.089583
0 0.402344 0.511458 0.017188 0.039583
0 0.381250 0.511458 0.018750 0.043750
0 0.393750 0.511458 0.012500 0.039583
0 0.359375 0.512500 0.015625 0.041667
0 0.358594 0.510417 0.017188 0.041667
0 0.366406 0.510417 0.014063 0.041667
0 0.453125 0.530208 0.037500 0.093750
0 0.419531 0.515625 0.023438 0.056250
0 0.646875 0.596875 0.112500 0.314583
0 0.417969 0.513542 0.017188 0.043750
0 0.486719 0.537500 0.057813 0.125000
0 0.417187 0.512500 0.018750 0.041667
0 0.424219 0.517708 0.017188 0.060417
0 0.348438 0.515625 0.025000 0.056250
0 0.354687 0.515625 0.012500 0.047917
0 0.346875 0.519792 0.028125 0.064583
0 0.348438 0.518750 0.028125 0.062500
0 0.310156 0.538542 0.045312 0.114583
0 0.308594 0.542708 0.054688 0.135417
0 0.346875 0.522917 0.037500 0.083333
0 0.305469 0.555208 0.042188 0.152083
0 0.349219 0.511458 0.010937 0.039583
