0 0.397656 0.533333 0.039062 0.087500
0 0.330469 0.603125 0.132812 0.318750
0 0.400000 0.529167 0.031250 0.079167
0 0.406250 0.512500 0.018750 0.041667
0 0.426563 0.512500 0.015625 0.041667
0 0.445312 0.515625 0.018750 0.039583
0 0.406250 0.515625 0.025000 0.052083
0 0.425000 0.523958 0.034375 0.077083
0 0.407031 0.535417 0.039062 0.100000
0 0.428125 0.511458 0.018750 0.039583
0 0.408594 0.511458 0.017188 0.039583
0 0.434375 0.510417 0.015625 0.037500
0 0.446875 0.511458 0.018750 0.039583
0 0.447656 0.516667 0.020313 0.041667
0 0.389844 0.519792 0.017188 0.060417
0 0.417969 0.520833 0.026562 0.062500
0 0.432031 0.516667 0.023438 0.054167
0 0.442188 0.526042 0.037500 0.081250
0 0.428906 0.518750 0.026562 0.058333
0 0.421094 0.518750 0.023438 0.054167
0 0.431250 0.516667 0.012500 0.045833
0 0.417187 0.511458 0.012500 0.035417
0 0.427344 0.510417 0.010937 0.033333
0 0.460156 0.521875 0.032813 0.072917
0 0.451562 0.518750 0.025000 0.054167
0 0.454688 0.515625 0.018750 0.047917
0 0.452344 0.518750 0.023438 0.050000
0 0.459375 0.519792 0.028125 0.060417
0 0.385937 0.522917 0.015625 0.058333
0 0.338281 0.534375 0.048438 0.110417
0 0.385937 0.517708 0.015625 0.056250
0 0.398438 0.511458 0.015625 0.035417
0 0.404687 0.510417 0.018750 0.033333
0 0.407813 0.511458 0.012500 0.031250
