0 0.386719 0.532292 0.051562 0.114583
0 0.348438 0.509375 0.018750 0.035417
0 0.393750 0.514583 0.021875 0.054167
0 0.359375 0.513542 0.021875 0.052083
0 0.317969 0.546875 0.070312 0.156250
0 0.426563 0.561458 0.071875 0.185417
0 0.360156 0.517708 0.026562 0.060417
0 0.367188 0.528125 0.046875 0.102083
0 0.446875 0.533333 0.050000 0.112500
0 0.363281 0.514583 0.026562 0.058333
0 0.356250 0.510417 0.018750 0.041667
0 0.378906 0.509375 0.014063 0.035417
0 0.377344 0.510417 0.017188 0.037500
0 0.357031 0.513542 0.020313 0.047917
0 0.382812 0.512500 0.018750 0.045833
0 0.389062 0.513542 0.021875 0.047917
0 0.362500 0.511458 0.018750 0.043750
0 0.360938 0.512500 0.018750 0.045833
0 0.310937 0.555208 0.084375 0.185417
0 0.364063 0.527083 0.040625 0.091667
0 0.399219 0.515625 0.023438 0.056250
0 0.363281 0.520833 0.035937 0.079167
0 0.400000 0.520833 0.034375 0.075000
0 0.369531 0.519792 0.032813 0.072917
0 0.371094 0.519792 0.029687 0.064583
0 0.369531 0.539583 0.048438 0.120833
0 0.360938 0.509375 0.015625 0.035417
0 0.360938 0.510417 0.018750 0.041667
0 0.382812 0.512500 0.018750 0.041667
0 0.414844 0.529167 0.042188 0.100000
0 0.408594 0.526042 0.039062 0.089583
0 0.401562 0.546875 0.050000 0.135417
0 0.454688 0.546875 0.068750 0.164583
0 0.394531 0.515625 0.026562 0.060417
0 0.405469 0.519792 0.029687 0.068750
0 0.379688 0.510417 0.018750 0.041667
0 0.362500 0.510417 0.012500 0.037500
0 0.383594 0.510417 0.017188 0.037500
0 0.520312 0.567708 0.065625 0.227083
0 0.414844 0.576042 0.073438 0.256250
0 0.345313 0.509375 0.015625 0.031250
0 0.360938 0.508333 0.015625 0.033333
0 0.347656 0.508333 0.017188 0.033333
0 0.417187 0.516667 0.021875 0.062500
0 0.328906 0.517708 0.026562 0.060417
0 0.323437 0.521875 0.037500 0.081250
0 0.336719 0.510417 0.014063 0.041667
0 0.313281 0.540625 0.060937 0.135417
0 0.335938 0.511458 0.018750 0.039583
0 0.331250 0.514583 0.025000 0.054167
0 0.335156 0.513542 0.017188 0.047917
0 0.310937 0.533333 0.053125 0.120833
0 0.334375 0.515625 0.021875 0.060417
0 0.317969 0.527083 0.042188 0.091667
0 0.314844 0.530208 0.045312 0.102083
0 0.328125 0.520833 0.031250 0.070833
0 0.332031 0.518750 0.029687 0.066667
0 0.336719 0.512500 0.020313 0.045833
0 0.338281 0.511458 0.020313 0.043750
0 0.342187 0.509375 0.015625 0.031250
