0 0.117188 0.530208 0.053125 0.118750
0 0.103906 0.528125 0.048438 0.110417
0 0.098437 0.553125 0.071875 0.164583
0 0.217188 0.546875 0.078125 0.172917
0 0.071094 0.519792 0.032813 0.077083
0 0.082031 0.522917 0.029687 0.083333
0 0.071094 0.520833 0.035937 0.079167
0 0.029687 0.513542 0.025000 0.056250
0 0.018750 0.512500 0.021875 0.050000
0 0.035937 0.538542 0.062500 0.143750
0 0.053906 0.518750 0.023438 0.066667
0 0.003906 0.523958 0.007812 0.064583
0 0.231250 0.555208 0.090625 0.197917
0 0.031250 0.534375 0.059375 0.131250
0 0.004687 0.523958 0.009375 0.068750
0 0.018750 0.512500 0.015625 0.045833
0 0.028125 0.513542 0.018750 0.052083
0 0.043750 0.515625 0.021875 0.060417
0 0.036719 0.532292 0.039062 0.114583
0 0.059375 0.519792 0.025000 0.068750
0 0.017188 0.526042 0.034375 0.102083
0 0.092188 0.525000 0.031250 0.087500
0 0.017969 0.523958 0.035937 0.093750
0 0.014844 0.522917 0.029687 0.087500
0 0.069531 0.543750 0.054688 0.150000
0 0.025781 0.514583 0.026562 0.058333
0 0.275000 0.562500 0.065625 0.225000
0 0.156250 0.578125 0.081250 0.281250
0 0.014844 0.519792 0.029687 0.081250
0 0.006250 0.515625 0.012500 0.064583
0 0.004687 0.514583 0.009375 0.062500
0 0.178125 0.535417 0.053125 0.120833
0 0.041406 0.514583 0.026562 0.058333
