0 0.536719 0.522917 0.032813 0.079167
0 0.480469 0.522917 0.032813 0.075000
0 0.562500 0.538542 0.056250 0.135417
0 0.550000 0.509375 0.015625 0.035417
0 0.546094 0.511458 0.014063 0.039583
0 0.533594 0.513542 0.020313 0.043750
0 0.553906 0.514583 0.023438 0.054167
0 0.514844 0.512500 0.023438 0.045833
0 0.517969 0.514583 0.026562 0.054167
0 0.535156 0.512500 0.020313 0.045833
0 0.535937 0.511458 0.018750 0.043750
0 0.542969 0.516667 0.026562 0.062500
0 0.537500 0.514583 0.021875 0.050000
0 0.535156 0.521875 0.032813 0.072917
0 0.546875 0.510417 0.015625 0.037500
0 0.550781 0.513542 0.020313 0.047917
0 0.529687 0.517708 0.021875 0.056250
0 0.530469 0.543750 0.064062 0.154167
0 0.493750 0.520833 0.018750 0.062500
0 0.500781 0.514583 0.014063 0.050000
0 0.509375 0.509375 0.012500 0.031250
0 0.520312 0.509375 0.012500 0.031250
0 0.539844 0.508333 0.010937 0.033333
0 0.608594 0.557292 0.089063 0.197917
0 0.571875 0.519792 0.031250 0.068750
0 0.574219 0.525000 0.039062 0.087500
0 0.556250 0.511458 0.018750 0.043750
0 0.582031 0.527083 0.032813 0.095833
0 0.575781 0.522917 0.035937 0.079167
0 0.564063 0.516667 0.018750 0.054167
0 0.557031 0.513542 0.017188 0.043750
0 0.562500 0.513542 0.021875 0.052083
0 0.559375 0.511458 0.018750 0.043750
0 0.507031 0.510417 0.014063 0.033333
0 0.499219 0.513542 0.020313 0.047917
