0 0.735938 0.532292 0.043750 0.110417
0 0.750781 0.515625 0.026562 0.060417
0 0.724219 0.517708 0.029687 0.068750
0 0.755469 0.528125 0.051562 0.097917
0 0.726562 0.516667 0.028125 0.062500
0 0.725000 0.511458 0.015625 0.039583
0 0.714844 0.515625 0.020313 0.056250
0 0.723437 0.513542 0.021875 0.052083
0 0.751563 0.513542 0.021875 0.052083
0 0.753125 0.513542 0.025000 0.056250
0 0.728906 0.512500 0.017188 0.045833
0 0.723437 0.512500 0.021875 0.050000
0 0.735156 0.564583 0.076563 0.216667
0 0.732812 0.527083 0.034375 0.087500
0 0.759375 0.516667 0.028125 0.066667
0 0.773438 0.522917 0.040625 0.091667
0 0.725000 0.520833 0.028125 0.079167
0 0.753906 0.539583 0.064062 0.145833
0 0.722656 0.509375 0.017188 0.039583
0 0.720313 0.511458 0.015625 0.039583
0 0.757812 0.512500 0.021875 0.050000
0 0.816406 0.533333 0.039062 0.116667
0 0.803125 0.530208 0.037500 0.093750
0 0.774219 0.518750 0.023438 0.070833
0 0.763281 0.521875 0.035937 0.085417
0 0.763281 0.519792 0.032813 0.072917
0 0.721875 0.509375 0.015625 0.039583
0 0.747656 0.510417 0.014063 0.041667
0 0.724219 0.519792 0.032813 0.072917
0 0.742188 0.511458 0.012500 0.043750
0 0.722656 0.522917 0.029687 0.083333
0 0.662500 0.546875 0.046875 0.164583
0 0.700000 0.512500 0.012500 0.045833
0 0.700781 0.508333 0.014063 0.033333
0 0.720313 0.508333 0.015625 0.037500
0 0.700000 0.508333 0.012500 0.037500
0 0.760156 0.510417 0.014063 0.037500
0 0.762500 0.512500 0.015625 0.045833
0 0.674219 0.523958 0.039062 0.085417
0 0.683594 0.519792 0.029687 0.068750
0 0.698438 0.512500 0.018750 0.037500
0 0.700000 0.509375 0.015625 0.035417
0 0.693750 0.514583 0.018750 0.050000
0 0.645312 0.538542 0.059375 0.143750
0 0.695312 0.513542 0.018750 0.047917
0 0.666406 0.535417 0.057813 0.129167
0 0.666406 0.527083 0.045312 0.104167
0 0.697656 0.511458 0.020313 0.047917
0 0.660156 0.530208 0.051562 0.114583
0 0.682813 0.519792 0.034375 0.077083
0 0.689844 0.515625 0.017188 0.060417
0 0.683594 0.517708 0.017188 0.064583
0 0.697656 0.509375 0.010937 0.039583
0 0.707031 0.508333 0.010937 0.033333
