0 0.655469 0.530208 0.057813 0.127083
0 0.657031 0.527083 0.051562 0.112500
0 0.593750 0.530208 0.056250 0.122917
0 0.492188 0.567708 0.118750 0.256250
0 0.628906 0.517708 0.029687 0.068750
0 0.641406 0.521875 0.032813 0.072917
0 0.671094 0.512500 0.020313 0.058333
0 0.658594 0.523958 0.045312 0.102083
0 0.620313 0.568750 0.125000 0.275000
0 0.659375 0.521875 0.040625 0.089583
0 0.639844 0.512500 0.020313 0.054167
0 0.671875 0.518750 0.031250 0.070833
0 0.738281 0.553125 0.079687 0.193750
0 0.606250 0.527083 0.037500 0.104167
0 0.617969 0.521875 0.029687 0.085417
0 0.613281 0.523958 0.032813 0.093750
0 0.626563 0.514583 0.018750 0.062500
0 0.721094 0.532292 0.060937 0.135417
0 0.708594 0.521875 0.042188 0.093750
0 0.710938 0.525000 0.046875 0.104167
0 0.715625 0.528125 0.053125 0.118750
0 0.703906 0.517708 0.029687 0.068750
0 0.694531 0.516667 0.026562 0.062500
