0 0.848437 0.519792 0.028125 0.072917
0 0.854688 0.517708 0.025000 0.052083
0 0.814063 0.537500 0.059375 0.125000
0 0.839844 0.523958 0.039062 0.085417
0 0.899219 0.522917 0.032813 0.079167
0 0.911719 0.545833 0.067187 0.158333
0 0.813281 0.514583 0.026562 0.058333
0 0.836719 0.513542 0.023438 0.052083
0 0.821094 0.518750 0.032813 0.066667
0 0.878906 0.514583 0.023438 0.054167
0 0.819531 0.514583 0.023438 0.054167
0 0.885156 0.513542 0.023438 0.052083
0 0.820312 0.517708 0.025000 0.060417
0 0.786719 0.523958 0.039062 0.085417
0 0.801562 0.523958 0.031250 0.064583
0 0.848437 0.529167 0.046875 0.100000
0 0.854688 0.518750 0.028125 0.066667
0 0.213281 0.673958 0.407813 0.647917
0 0.850000 0.517708 0.015625 0.056250
0 0.860156 0.513542 0.017188 0.043750
0 0.806250 0.513542 0.012500 0.047917
0 0.902344 0.526042 0.035937 0.089583
0 0.892969 0.518750 0.026562 0.066667
0 0.894531 0.515625 0.026562 0.060417
0 0.898438 0.520833 0.021875 0.075000
0 0.902344 0.527083 0.026562 0.095833
0 0.732031 0.536458 0.054688 0.127083
0 0.739062 0.531250 0.043750 0.095833
0 0.692969 0.544792 0.051562 0.147917
0 0.883594 0.512500 0.017188 0.050000
0 0.805469 0.513542 0.017188 0.043750
0 0.820312 0.511458 0.015625 0.043750
0 0.803125 0.512500 0.012500 0.041667
