0 0.778125 0.535417 0.043750 0.120833
0 0.785937 0.527083 0.034375 0.083333
0 0.775781 0.528125 0.035937 0.097917
0 0.776563 0.531250 0.037500 0.108333
0 0.785156 0.521875 0.035937 0.072917
0 0.775000 0.520833 0.034375 0.066667
0 0.678125 0.523958 0.028125 0.081250
0 0.671094 0.526042 0.029687 0.085417
0 0.694531 0.519792 0.026562 0.068750
0 0.716406 0.534375 0.039062 0.110417
0 0.721094 0.531250 0.035937 0.100000
0 0.647656 0.531250 0.048438 0.108333
0 0.558594 0.558333 0.089063 0.195833
0 0.734375 0.523958 0.031250 0.077083
0 0.739062 0.516667 0.018750 0.054167
0 0.724219 0.528125 0.032813 0.089583
0 0.657813 0.562500 0.093750 0.208333
0 0.721875 0.525000 0.028125 0.083333
0 0.701562 0.515625 0.018750 0.052083
0 0.739062 0.520833 0.028125 0.070833
0 0.775000 0.562500 0.068750 0.200000
0 0.657031 0.528125 0.032813 0.093750
0 0.696875 0.517708 0.018750 0.064583
