0 0.535156 0.520833 0.029687 0.066667
0 0.558594 0.581250 0.114062 0.254167
0 0.575781 0.537500 0.057813 0.133333
0 0.589063 0.523958 0.031250 0.089583
0 0.518750 0.522917 0.037500 0.083333
0 0.560156 0.558333 0.073438 0.212500
0 0.524219 0.546875 0.060937 0.168750
0 0.553125 0.530208 0.046875 0.114583
0 0.455469 0.613542 0.139063 0.389583
0 0.513281 0.531250 0.051562 0.112500
0 0.419531 0.558333 0.060937 0.204167
0 0.500000 0.519792 0.028125 0.060417
0 0.492969 0.528125 0.029687 0.085417
0 0.589063 0.520833 0.034375 0.075000
