0 0.447656 0.516667 0.026562 0.062500
0 0.309375 0.590625 0.093750 0.327083
0 0.418750 0.548958 0.068750 0.152083
0 0.359375 0.544792 0.068750 0.156250
0 0.415625 0.519792 0.034375 0.077083
0 0.471094 0.521875 0.029687 0.077083
0 0.394531 0.531250 0.048438 0.108333
0 0.421875 0.532292 0.053125 0.122917
0 0.450781 0.527083 0.029687 0.104167
0 0.463281 0.519792 0.020313 0.072917
0 0.341406 0.561458 0.064062 0.222917
0 0.305469 0.557292 0.079687 0.177083
0 0.387500 0.522917 0.040625 0.087500
0 0.488281 0.516667 0.029687 0.066667
