0 0.503125 0.526042 0.037500 0.081250
0 0.545312 0.527083 0.037500 0.083333
0 0.541406 0.546875 0.048438 0.139583
0 0.484375 0.555208 0.062500 0.172917
0 0.423438 0.543750 0.065625 0.141667
0 0.514062 0.512500 0.015625 0.045833
0 0.540625 0.523958 0.034375 0.077083
0 0.507031 0.518750 0.023438 0.058333
0 0.533594 0.512500 0.014063 0.041667
0 0.537500 0.516667 0.021875 0.050000
0 0.496875 0.512500 0.015625 0.041667
0 0.466406 0.537500 0.042188 0.108333
0 0.538281 0.519792 0.023438 0.056250
0 0.500000 0.515625 0.018750 0.043750
0 0.501563 0.517708 0.018750 0.052083
0 0.507812 0.530208 0.043750 0.097917
0 0.526563 0.517708 0.015625 0.056250
0 0.534375 0.513542 0.012500 0.043750
0 0.476562 0.519792 0.018750 0.064583
0 0.457031 0.529167 0.026562 0.091667
0 0.539844 0.516667 0.026562 0.054167
0 0.490625 0.511458 0.015625 0.039583
0 0.510156 0.511458 0.014063 0.039583
0 0.516406 0.511458 0.017188 0.035417
0 0.496875 0.510417 0.015625 0.037500
0 0.544531 0.513542 0.014063 0.039583
0 0.547656 0.514583 0.017188 0.045833
0 0.483594 0.513542 0.020313 0.043750
0 0.482031 0.511458 0.014063 0.039583
0 0.535937 0.512500 0.015625 0.037500
