0 0.412500 0.530208 0.050000 0.110417
0 0.407813 0.535417 0.056250 0.125000
0 0.470313 0.541667 0.059375 0.137500
0 0.479687 0.521875 0.018750 0.064583
0 0.439844 0.522917 0.029687 0.062500
0 0.456250 0.520833 0.028125 0.058333
0 0.390625 0.550000 0.081250 0.179167
0 0.414062 0.523958 0.037500 0.081250
0 0.482031 0.516667 0.023438 0.058333
0 0.464844 0.528125 0.035937 0.097917
0 0.441406 0.517708 0.026562 0.060417
0 0.475781 0.521875 0.035937 0.077083
0 0.505469 0.560417 0.073438 0.187500
0 0.401562 0.540625 0.062500 0.139583
0 0.472656 0.546875 0.076563 0.164583
0 0.460156 0.533333 0.032813 0.112500
0 0.540625 0.541667 0.053125 0.150000
0 0.516406 0.529167 0.048438 0.104167
0 0.519531 0.532292 0.054688 0.118750
0 0.539062 0.536458 0.059375 0.131250
0 0.483594 0.516667 0.017188 0.062500
