0 0.553125 0.520833 0.021875 0.062500
0 0.503906 0.514583 0.020313 0.045833
0 0.540625 0.517708 0.021875 0.043750
0 0.528906 0.540625 0.054688 0.122917
0 0.523438 0.517708 0.018750 0.052083
0 0.527344 0.514583 0.020313 0.045833
0 0.514844 0.516667 0.023438 0.050000
0 0.520312 0.531250 0.040625 0.091667
0 0.550781 0.518750 0.020313 0.050000
0 0.549219 0.514583 0.020313 0.045833
0 0.492969 0.518750 0.023438 0.058333
0 0.525000 0.523958 0.031250 0.068750
0 0.515625 0.515625 0.021875 0.047917
0 0.512500 0.521875 0.028125 0.064583
0 0.517969 0.514583 0.023438 0.041667
0 0.597656 0.537500 0.045312 0.108333
0 0.489844 0.515625 0.023438 0.052083
0 0.492188 0.515625 0.021875 0.047917
0 0.486719 0.514583 0.010937 0.041667
0 0.525781 0.513542 0.017188 0.039583
0 0.491406 0.513542 0.014063 0.043750
0 0.505469 0.514583 0.014063 0.037500
