0 0.542188 0.514583 0.018750 0.050000
0 0.540625 0.511458 0.018750 0.043750
0 0.515625 0.516667 0.021875 0.054167
0 0.537500 0.517708 0.025000 0.064583
0 0.521094 0.512500 0.017188 0.045833
0 0.500000 0.512500 0.018750 0.045833
0 0.518750 0.530208 0.046875 0.102083
0 0.510938 0.517708 0.028125 0.060417
0 0.545312 0.516667 0.025000 0.058333
0 0.543750 0.512500 0.021875 0.050000
0 0.510938 0.513542 0.021875 0.047917
0 0.558594 0.527083 0.042188 0.091667
0 0.519531 0.514583 0.032813 0.050000
0 0.521094 0.511458 0.023438 0.039583
0 0.496875 0.511458 0.015625 0.043750
0 0.514844 0.511458 0.017188 0.043750
0 0.531250 0.511458 0.025000 0.039583
0 0.577344 0.531250 0.035937 0.104167
0 0.491406 0.515625 0.020313 0.043750
0 0.514844 0.510417 0.014063 0.037500
0 0.488281 0.511458 0.014063 0.039583
0 0.485938 0.510417 0.009375 0.037500
