6 0.682813 0.275000 0.106250 0.225000
10 0.689063 0.702083 0.462500 0.554167
11 0.690625 0.340625 0.193750 0.231250
11 0.527344 0.396875 0.132812 0.147917
6 0.508594 0.392708 0.029687 0.060417
6 0.476562 0.371875 0.028125 0.035417
6 0.527344 0.393750 0.026562 0.050000
6 0.715625 0.422917 0.037500 0.075000
6 0.433594 0.441667 0.032813 0.066667
6 0.547656 0.417708 0.042188 0.072917
11 0.985156 0.328125 0.026562 0.114583
10 0.839063 0.439583 0.084375 0.083333
11 0.610156 0.391667 0.073438 0.087500
