6 0.050000 0.298958 0.100000 0.597917
6 0.089063 0.278125 0.178125 0.556250
6 0.427344 0.287500 0.192188 0.383333
6 0.284375 0.385417 0.143750 0.300000
11 0.753125 0.205208 0.328125 0.410417
6 0.968750 0.397917 0.059375 0.145833
6 0.121875 0.116667 0.053125 0.016667
6 0.103125 0.145833 0.043750 0.066667
6 0.514844 0.342708 0.095312 0.189583
11 0.138281 0.351042 0.139063 0.197917
6 0.069531 0.350000 0.092188 0.191667
11 0.699219 0.332292 0.126562 0.143750
6 0.725000 0.343750 0.062500 0.125000
10 0.869531 0.401042 0.123438 0.139583
