6 0.987500 0.343750 0.021875 0.216667
2 0.988281 0.560417 0.020313 0.220833
11 0.559375 0.338542 0.196875 0.235417
11 0.419531 0.394792 0.129688 0.152083
6 0.798438 0.338542 0.043750 0.056250
6 0.310156 0.366667 0.029687 0.033333
6 0.374219 0.391667 0.026562 0.050000
6 0.417187 0.410417 0.037500 0.070833
6 0.358594 0.401042 0.032813 0.060417
6 0.285156 0.436458 0.035937 0.072917
11 0.785156 0.363542 0.076563 0.106250
11 0.451562 0.391667 0.075000 0.087500
6 0.567187 0.431250 0.031250 0.066667
10 0.667969 0.447917 0.073438 0.070833
