0 0.558594 0.536458 0.057813 0.127083
0 0.602344 0.556250 0.064062 0.183333
0 0.624219 0.542708 0.054688 0.131250
0 0.542969 0.542708 0.067187 0.147917
0 0.572656 0.532292 0.048438 0.106250
0 0.641406 0.536458 0.048438 0.118750
0 0.514062 0.533333 0.034375 0.108333
0 0.617969 0.534375 0.045312 0.102083
0 0.701562 0.535417 0.059375 0.120833
0 0.576562 0.527083 0.034375 0.087500
0 0.632812 0.530208 0.037500 0.093750
0 0.539062 0.527083 0.034375 0.087500
0 0.535937 0.528125 0.050000 0.097917
0 0.504687 0.542708 0.015625 0.068750
