0 0.335938 0.518750 0.025000 0.058333
0 0.407813 0.530208 0.037500 0.110417
0 0.339062 0.533333 0.050000 0.112500
0 0.381250 0.529167 0.040625 0.095833
0 0.334375 0.531250 0.043750 0.100000
0 0.347656 0.525000 0.039062 0.087500
0 0.342187 0.518750 0.028125 0.066667
0 0.328906 0.521875 0.032813 0.072917
0 0.384375 0.521875 0.034375 0.077083
0 0.348438 0.520833 0.031250 0.070833
0 0.353906 0.537500 0.035937 0.125000
0 0.303906 0.518750 0.026562 0.058333
0 0.300000 0.526042 0.040625 0.089583
0 0.284375 0.533333 0.053125 0.116667
0 0.275781 0.530208 0.045312 0.102083
