0 0.445312 0.528125 0.040625 0.093750
0 0.446875 0.550000 0.068750 0.166667
0 0.444531 0.543750 0.057813 0.133333
0 0.485938 0.523958 0.037500 0.085417
0 0.446875 0.526042 0.034375 0.085417
0 0.444531 0.531250 0.067187 0.108333
0 0.448437 0.521875 0.034375 0.081250
0 0.408594 0.523958 0.035937 0.081250
0 0.439063 0.519792 0.021875 0.072917
0 0.527344 0.526042 0.039062 0.093750
0 0.535937 0.530208 0.043750 0.106250
0 0.366406 0.543750 0.070312 0.158333
0 0.396875 0.529167 0.034375 0.095833
0 0.482812 0.520833 0.034375 0.079167
0 0.403125 0.521875 0.028125 0.072917
0 0.390625 0.519792 0.031250 0.068750
