0 0.508594 0.557292 0.079687 0.172917
0 0.525781 0.528125 0.042188 0.097917
0 0.562500 0.530208 0.046875 0.097917
0 0.471875 0.528125 0.034375 0.097917
0 0.496875 0.545833 0.062500 0.150000
0 0.501563 0.526042 0.025000 0.089583
0 0.490625 0.533333 0.037500 0.108333
0 0.457813 0.525000 0.034375 0.083333
0 0.496875 0.523958 0.043750 0.077083
0 0.472656 0.521875 0.032813 0.077083
0 0.547656 0.523958 0.035937 0.081250
0 0.573438 0.523958 0.040625 0.089583
0 0.421875 0.546875 0.046875 0.160417
0 0.442969 0.534375 0.014063 0.064583
0 0.501563 0.520833 0.028125 0.070833
0 0.446875 0.522917 0.021875 0.066667
0 0.444531 0.530208 0.017188 0.060417
0 0.465625 0.520833 0.031250 0.070833
