0 0.215625 0.543750 0.053125 0.133333
0 0.193750 0.516667 0.025000 0.058333
0 0.153125 0.515625 0.021875 0.052083
0 0.149219 0.520833 0.032813 0.075000
0 0.180469 0.526042 0.035937 0.085417
0 0.184375 0.528125 0.040625 0.097917
0 0.160938 0.517708 0.028125 0.064583
0 0.143750 0.518750 0.025000 0.054167
0 0.183594 0.514583 0.020313 0.050000
0 0.211719 0.525000 0.032813 0.070833
0 0.157812 0.516667 0.021875 0.054167
0 0.175781 0.523958 0.035937 0.077083
0 0.198437 0.514583 0.025000 0.054167
0 0.157031 0.533333 0.048438 0.112500
0 0.232813 0.530208 0.046875 0.102083
0 0.135156 0.527083 0.039062 0.095833
0 0.182812 0.515625 0.021875 0.052083
0 0.159375 0.519792 0.031250 0.068750
0 0.159375 0.537500 0.034375 0.125000
0 0.159375 0.513542 0.018750 0.047917
0 0.121875 0.514583 0.025000 0.054167
0 0.146094 0.515625 0.020313 0.047917
0 0.186719 0.513542 0.017188 0.047917
0 0.272656 0.533333 0.039062 0.112500
0 0.212500 0.519792 0.031250 0.068750
0 0.302344 0.539583 0.048438 0.120833
0 0.210938 0.518750 0.018750 0.066667
0 0.103906 0.530208 0.048438 0.106250
0 0.103125 0.525000 0.040625 0.091667
0 0.116406 0.520833 0.026562 0.066667
0 0.123438 0.515625 0.025000 0.056250
0 0.116406 0.517708 0.029687 0.064583
0 0.105469 0.522917 0.035937 0.079167
0 0.080469 0.545833 0.070312 0.158333
0 0.044531 0.565625 0.089063 0.222917
0 0.098437 0.533333 0.053125 0.116667
0 0.103125 0.540625 0.081250 0.127083
0 0.107813 0.514583 0.009375 0.054167
0 0.131250 0.513542 0.018750 0.047917
