0 0.109375 0.672917 0.218750 0.650000
0 0.495312 0.546875 0.071875 0.160417
0 0.476562 0.518750 0.031250 0.066667
0 0.499219 0.532292 0.051562 0.110417
0 0.452344 0.510417 0.017188 0.041667
0 0.436719 0.510417 0.014063 0.037500
0 0.439063 0.511458 0.015625 0.043750
0 0.434375 0.508333 0.012500 0.037500
0 0.462500 0.511458 0.018750 0.043750
0 0.448437 0.512500 0.015625 0.045833
0 0.418750 0.515625 0.018750 0.056250
0 0.434375 0.514583 0.021875 0.050000
0 0.454688 0.516667 0.021875 0.058333
0 0.525000 0.537500 0.046875 0.120833
0 0.443750 0.519792 0.031250 0.068750
0 0.486719 0.529167 0.045312 0.100000
0 0.421094 0.543750 0.067187 0.154167
0 0.453125 0.510417 0.015625 0.037500
0 0.539844 0.576042 0.107813 0.243750
0 0.417969 0.520833 0.026562 0.066667
0 0.473438 0.521875 0.028125 0.068750
0 0.479687 0.523958 0.040625 0.089583
0 0.457031 0.538542 0.048438 0.131250
0 0.361719 0.551042 0.076563 0.185417
0 0.449219 0.556250 0.082812 0.191667
0 0.453125 0.517708 0.025000 0.064583
0 0.415625 0.516667 0.028125 0.062500
0 0.421094 0.512500 0.020313 0.045833
0 0.413281 0.517708 0.023438 0.064583
0 0.432031 0.522917 0.039062 0.087500
0 0.439063 0.520833 0.034375 0.079167
0 0.451562 0.514583 0.018750 0.054167
0 0.464844 0.513542 0.023438 0.052083
0 0.439844 0.525000 0.042188 0.095833
0 0.436719 0.528125 0.045312 0.106250
0 0.434375 0.533333 0.053125 0.116667
0 0.425781 0.510417 0.010937 0.041667
0 0.439844 0.513542 0.014063 0.047917
0 0.464062 0.512500 0.012500 0.045833
0 0.406250 0.580208 0.078125 0.272917
0 0.449219 0.510417 0.010937 0.037500
0 0.452344 0.508333 0.014063 0.033333
0 0.431250 0.508333 0.012500 0.033333
0 0.435937 0.508333 0.012500 0.033333
0 0.486719 0.516667 0.026562 0.058333
0 0.473438 0.514583 0.018750 0.041667
0 0.480469 0.514583 0.026562 0.058333
0 0.470313 0.510417 0.018750 0.041667
0 0.331250 0.579167 0.134375 0.258333
0 0.388281 0.523958 0.039062 0.089583
0 0.388281 0.521875 0.035937 0.081250
0 0.408594 0.513542 0.023438 0.052083
0 0.362500 0.532292 0.043750 0.106250
0 0.416406 0.513542 0.020313 0.047917
0 0.358594 0.535417 0.057813 0.129167
0 0.352344 0.542708 0.067187 0.147917
0 0.407813 0.515625 0.021875 0.052083
0 0.385156 0.528125 0.026562 0.097917
0 0.412500 0.509375 0.009375 0.035417
0 0.413281 0.508333 0.010937 0.033333
0 0.414062 0.508333 0.012500 0.033333
