0 0.665625 0.558333 0.081250 0.183333
0 0.557031 0.545833 0.067187 0.150000
0 0.584375 0.542708 0.059375 0.131250
0 0.634375 0.535417 0.046875 0.112500
0 0.554688 0.525000 0.034375 0.079167
0 0.554688 0.529167 0.043750 0.095833
0 0.588281 0.534375 0.042188 0.093750
0 0.610156 0.527083 0.042188 0.091667
0 0.603125 0.522917 0.025000 0.070833
0 0.575781 0.555208 0.048438 0.172917
0 0.495312 0.541667 0.059375 0.129167
0 0.545312 0.521875 0.031250 0.072917
0 0.525000 0.535417 0.053125 0.116667
0 0.471094 0.548958 0.042188 0.152083
0 0.675781 0.541667 0.064062 0.125000
