0 0.453906 0.529167 0.048438 0.104167
0 0.435156 0.539583 0.039062 0.137500
0 0.432812 0.510417 0.015625 0.037500
0 0.439844 0.510417 0.017188 0.033333
0 0.440625 0.517708 0.031250 0.060417
0 0.416406 0.513542 0.017188 0.047917
0 0.427344 0.516667 0.026562 0.058333
0 0.495312 0.534375 0.046875 0.118750
0 0.379688 0.531250 0.050000 0.112500
0 0.453906 0.527083 0.042188 0.091667
0 0.457813 0.509375 0.015625 0.035417
0 0.442969 0.511458 0.017188 0.043750
0 0.475000 0.519792 0.028125 0.064583
0 0.403906 0.520833 0.032813 0.070833
0 0.392969 0.521875 0.035937 0.081250
0 0.439844 0.523958 0.039062 0.081250
0 0.436719 0.520833 0.032813 0.075000
0 0.452344 0.510417 0.014063 0.037500
0 0.413281 0.514583 0.023438 0.054167
0 0.447656 0.515625 0.026562 0.052083
0 0.428906 0.512500 0.017188 0.045833
0 0.443750 0.514583 0.021875 0.050000
0 0.440625 0.511458 0.012500 0.039583
0 0.503125 0.540625 0.040625 0.135417
0 0.426563 0.533333 0.034375 0.116667
0 0.423438 0.509375 0.009375 0.035417
0 0.447656 0.520833 0.023438 0.062500
0 0.456250 0.508333 0.015625 0.033333
0 0.438281 0.508333 0.017188 0.033333
0 0.417187 0.509375 0.009375 0.035417
0 0.425781 0.509375 0.010937 0.031250
0 0.466406 0.510417 0.017188 0.037500
0 0.469531 0.511458 0.017188 0.043750
0 0.478125 0.515625 0.025000 0.060417
0 0.468750 0.515625 0.021875 0.052083
0 0.488281 0.520833 0.026562 0.066667
0 0.502344 0.529167 0.035937 0.100000
0 0.488281 0.525000 0.032813 0.070833
0 0.464844 0.509375 0.014063 0.035417
0 0.497656 0.527083 0.042188 0.091667
0 0.468750 0.512500 0.015625 0.045833
0 0.378906 0.527083 0.039062 0.091667
0 0.411719 0.511458 0.017188 0.039583
0 0.399219 0.516667 0.026562 0.058333
0 0.413281 0.511458 0.014063 0.039583
0 0.398438 0.519792 0.028125 0.064583
0 0.409375 0.510417 0.012500 0.037500
0 0.399219 0.515625 0.020313 0.047917
0 0.441406 0.508333 0.014063 0.033333
0 0.414844 0.508333 0.014063 0.033333
