0 0.655469 0.587500 0.132812 0.291667
0 0.500000 0.522917 0.037500 0.083333
0 0.502344 0.518750 0.023438 0.070833
0 0.492188 0.519792 0.028125 0.060417
0 0.478125 0.513542 0.021875 0.047917
0 0.497656 0.512500 0.023438 0.050000
0 0.557813 0.533333 0.056250 0.120833
0 0.528906 0.515625 0.026562 0.060417
0 0.547656 0.522917 0.039062 0.087500
0 0.491406 0.509375 0.014063 0.035417
0 0.495312 0.510417 0.018750 0.037500
0 0.525781 0.510417 0.017188 0.037500
0 0.502344 0.511458 0.014063 0.039583
0 0.501563 0.512500 0.021875 0.045833
0 0.478906 0.512500 0.020313 0.045833
0 0.501563 0.514583 0.021875 0.054167
0 0.454688 0.527083 0.043750 0.095833
0 0.497656 0.525000 0.032813 0.091667
0 0.550781 0.529167 0.048438 0.104167
0 0.587500 0.555208 0.087500 0.193750
0 0.492969 0.516667 0.020313 0.058333
0 0.503906 0.520833 0.026562 0.075000
0 0.544531 0.521875 0.035937 0.081250
0 0.504687 0.533333 0.046875 0.108333
0 0.525781 0.511458 0.020313 0.043750
0 0.490625 0.509375 0.015625 0.035417
0 0.523438 0.510417 0.012500 0.033333
0 0.483594 0.512500 0.014063 0.041667
0 0.523438 0.513542 0.021875 0.047917
0 0.497656 0.580208 0.123438 0.268750
0 0.503906 0.512500 0.014063 0.041667
0 0.450000 0.530208 0.046875 0.106250
0 0.387500 0.567708 0.109375 0.239583
0 0.488281 0.552083 0.085938 0.187500
0 0.594531 0.546875 0.054688 0.156250
0 0.521094 0.518750 0.026562 0.058333
0 0.534375 0.519792 0.031250 0.068750
0 0.565625 0.537500 0.062500 0.137500
0 0.517188 0.509375 0.015625 0.035417
0 0.474219 0.514583 0.023438 0.054167
0 0.481250 0.510417 0.018750 0.041667
0 0.489844 0.531250 0.042188 0.091667
0 0.517188 0.510417 0.015625 0.037500
0 0.442188 0.538542 0.037500 0.131250
0 0.494531 0.515625 0.014063 0.056250
0 0.483594 0.509375 0.010937 0.031250
0 0.505469 0.509375 0.010937 0.031250
0 0.485938 0.509375 0.012500 0.031250
0 0.532813 0.512500 0.021875 0.045833
0 0.540625 0.515625 0.025000 0.056250
0 0.530469 0.510417 0.017188 0.041667
0 0.533594 0.511458 0.014063 0.035417
0 0.433594 0.532292 0.054688 0.118750
0 0.393750 0.554167 0.087500 0.191667
0 0.463281 0.520833 0.032813 0.070833
0 0.464844 0.518750 0.023438 0.066667
0 0.469531 0.512500 0.023438 0.050000
0 0.461719 0.522917 0.032813 0.075000
0 0.462500 0.517708 0.028125 0.060417
0 0.465625 0.514583 0.025000 0.058333
