0 0.556250 0.523958 0.037500 0.085417
0 0.518750 0.517708 0.025000 0.060417
0 0.538281 0.520833 0.035937 0.070833
0 0.570312 0.517708 0.021875 0.056250
0 0.565625 0.520833 0.034375 0.079167
0 0.595313 0.532292 0.037500 0.106250
0 0.549219 0.514583 0.023438 0.054167
0 0.539062 0.536458 0.043750 0.122917
0 0.549219 0.520833 0.026562 0.062500
0 0.567969 0.519792 0.026562 0.064583
0 0.579688 0.514583 0.025000 0.054167
0 0.545312 0.517708 0.031250 0.056250
0 0.551562 0.513542 0.018750 0.047917
0 0.517969 0.513542 0.014063 0.052083
0 0.601562 0.517708 0.021875 0.056250
0 0.604688 0.516667 0.025000 0.062500
0 0.584375 0.513542 0.021875 0.052083
0 0.596094 0.521875 0.029687 0.068750
0 0.615625 0.526042 0.021875 0.077083
0 0.628906 0.532292 0.054688 0.110417
0 0.524219 0.515625 0.023438 0.052083
0 0.498437 0.528125 0.037500 0.093750
0 0.510938 0.526042 0.034375 0.085417
0 0.511719 0.541667 0.064062 0.141667
0 0.514062 0.522917 0.021875 0.079167
0 0.546094 0.512500 0.020313 0.045833
0 0.511719 0.512500 0.007812 0.050000
0 0.521875 0.512500 0.012500 0.045833
