0 0.460156 0.531250 0.035937 0.091667
0 0.526563 0.535417 0.043750 0.108333
0 0.430469 0.527083 0.035937 0.083333
0 0.499219 0.519792 0.020313 0.052083
0 0.477344 0.510417 0.014063 0.033333
0 0.421094 0.542708 0.057813 0.122917
0 0.452344 0.521875 0.023438 0.060417
0 0.504687 0.521875 0.028125 0.068750
0 0.475000 0.537500 0.053125 0.116667
0 0.491406 0.513542 0.020313 0.043750
0 0.465625 0.511458 0.015625 0.035417
0 0.500000 0.518750 0.021875 0.050000
0 0.446094 0.518750 0.026562 0.058333
0 0.478125 0.519792 0.018750 0.060417
0 0.467969 0.521875 0.029687 0.064583
0 0.479687 0.512500 0.012500 0.033333
0 0.490625 0.513542 0.018750 0.043750
0 0.450781 0.516667 0.017188 0.050000
0 0.479687 0.515625 0.021875 0.047917
0 0.467187 0.513542 0.018750 0.043750
0 0.465625 0.515625 0.018750 0.043750
0 0.536719 0.540625 0.051562 0.122917
0 0.460156 0.514583 0.017188 0.037500
0 0.446094 0.516667 0.023438 0.054167
0 0.470313 0.518750 0.021875 0.050000
0 0.482031 0.525000 0.020313 0.075000
0 0.466406 0.526042 0.029687 0.064583
0 0.474219 0.543750 0.035937 0.129167
0 0.476562 0.513542 0.009375 0.035417
0 0.491406 0.516667 0.010937 0.041667
0 0.475000 0.530208 0.021875 0.077083
0 0.439063 0.518750 0.015625 0.054167
0 0.452344 0.510417 0.010937 0.033333
0 0.450781 0.509375 0.014063 0.031250
0 0.467187 0.509375 0.012500 0.031250
0 0.532031 0.530208 0.032813 0.085417
0 0.507031 0.515625 0.017188 0.047917
0 0.518750 0.523958 0.025000 0.072917
0 0.496094 0.510417 0.014063 0.033333
0 0.498437 0.511458 0.018750 0.035417
0 0.496875 0.512500 0.015625 0.037500
0 0.515625 0.521875 0.015625 0.056250
0 0.546875 0.547917 0.040625 0.137500
0 0.520312 0.527083 0.021875 0.079167
0 0.447656 0.513542 0.017188 0.039583
0 0.447656 0.512500 0.014063 0.037500
0 0.379688 0.547917 0.065625 0.145833
0 0.451562 0.511458 0.009375 0.035417
0 0.414844 0.525000 0.032813 0.070833
0 0.424219 0.522917 0.026562 0.066667
0 0.448437 0.510417 0.015625 0.037500
0 0.443750 0.514583 0.015625 0.041667
0 0.486719 0.509375 0.010937 0.031250
0 0.476562 0.510417 0.015625 0.029167
