0 0.325781 0.516667 0.039062 0.091667
0 0.378125 0.530208 0.050000 0.164583
0 0.282031 0.511458 0.026562 0.064583
0 0.364063 0.510417 0.031250 0.070833
0 0.316406 0.519792 0.045312 0.114583
0 0.408594 0.528125 0.054688 0.131250
0 0.330469 0.509375 0.026562 0.060417
0 0.333594 0.505208 0.014063 0.039583
0 0.323437 0.506250 0.015625 0.045833
0 0.318750 0.508333 0.012500 0.045833
0 0.293750 0.511458 0.028125 0.060417
0 0.327344 0.512500 0.026562 0.075000
0 0.318750 0.512500 0.031250 0.070833
0 0.310156 0.505208 0.017188 0.039583
0 0.295312 0.508333 0.021875 0.050000
0 0.329688 0.508333 0.021875 0.054167
0 0.400781 0.525000 0.048438 0.116667
0 0.358594 0.510417 0.029687 0.066667
0 0.345313 0.506250 0.018750 0.041667
0 0.318750 0.507292 0.018750 0.043750
0 0.303125 0.508333 0.025000 0.054167
0 0.317969 0.509375 0.023438 0.056250
0 0.335156 0.517708 0.035937 0.102083
0 0.321875 0.505208 0.012500 0.035417
0 0.328125 0.506250 0.021875 0.041667
0 0.317188 0.523958 0.043750 0.122917
0 0.346875 0.507292 0.012500 0.043750
0 0.330469 0.506250 0.010937 0.037500
0 0.311719 0.514583 0.023438 0.083333
0 0.325781 0.512500 0.017188 0.058333
0 0.296094 0.505208 0.010937 0.031250
0 0.325000 0.506250 0.012500 0.033333
0 0.382031 0.513542 0.029687 0.072917
0 0.354687 0.506250 0.015625 0.037500
0 0.358594 0.507292 0.017188 0.043750
0 0.391406 0.517708 0.032813 0.093750
0 0.362500 0.508333 0.025000 0.054167
0 0.387500 0.518750 0.050000 0.108333
0 0.385937 0.516667 0.031250 0.079167
0 0.360938 0.508333 0.018750 0.050000
0 0.354687 0.508333 0.012500 0.045833
0 0.283594 0.509375 0.026562 0.060417
0 0.292187 0.507292 0.015625 0.043750
0 0.237500 0.525000 0.046875 0.129167
0 0.260156 0.514583 0.035937 0.075000
0 0.281250 0.512500 0.028125 0.070833
0 0.296094 0.506250 0.014063 0.033333
0 0.290625 0.507292 0.021875 0.047917
0 0.253906 0.517708 0.045312 0.097917
0 0.300781 0.508333 0.017188 0.045833
0 0.249219 0.520833 0.054688 0.116667
0 0.268750 0.514583 0.025000 0.087500
0 0.300000 0.505208 0.015625 0.035417
0 0.326562 0.505208 0.015625 0.031250
