0 0.351562 0.530208 0.040625 0.097917
0 0.323437 0.520833 0.031250 0.075000
0 0.389844 0.517708 0.026562 0.060417
0 0.435156 0.535417 0.057813 0.129167
0 0.353125 0.518750 0.031250 0.066667
0 0.350781 0.543750 0.054688 0.129167
0 0.371094 0.525000 0.029687 0.087500
0 0.390625 0.517708 0.028125 0.064583
0 0.392188 0.519792 0.031250 0.068750
0 0.338281 0.536458 0.048438 0.110417
0 0.365625 0.523958 0.031250 0.072917
0 0.351562 0.516667 0.028125 0.062500
0 0.351562 0.515625 0.025000 0.056250
0 0.381250 0.514583 0.025000 0.058333
0 0.435156 0.523958 0.039062 0.085417
0 0.311719 0.526042 0.042188 0.093750
0 0.267969 0.556250 0.073438 0.179167
0 0.307812 0.523958 0.021875 0.081250
0 0.319531 0.518750 0.029687 0.066667
0 0.319531 0.517708 0.020313 0.056250
0 0.332031 0.515625 0.023438 0.052083
