0 0.125000 0.535417 0.059375 0.129167
0 0.078125 0.519792 0.031250 0.072917
0 0.109375 0.526042 0.043750 0.097917
0 0.048438 0.550000 0.081250 0.179167
0 0.024219 0.520833 0.029687 0.075000
0 0.064844 0.513542 0.023438 0.052083
0 0.031250 0.515625 0.018750 0.056250
0 0.020313 0.517708 0.025000 0.060417
0 0.061719 0.521875 0.026562 0.064583
0 0.040625 0.534375 0.056250 0.122917
0 0.114062 0.532292 0.053125 0.114583
0 0.037500 0.522917 0.037500 0.083333
0 0.028125 0.529167 0.046875 0.100000
0 0.103125 0.525000 0.040625 0.091667
0 0.034375 0.544792 0.068750 0.160417
0 0.061719 0.515625 0.026562 0.056250
0 0.007812 0.513542 0.015625 0.047917
0 0.041406 0.514583 0.017188 0.045833
0 0.064844 0.514583 0.023438 0.054167
0 0.069531 0.519792 0.026562 0.056250
0 0.060156 0.575000 0.117188 0.254167
0 0.020313 0.515625 0.025000 0.060417
0 0.052344 0.556250 0.092188 0.200000
0 0.164844 0.546875 0.073438 0.160417
0 0.086719 0.520833 0.035937 0.079167
0 0.089063 0.523958 0.037500 0.081250
0 0.042969 0.538542 0.064062 0.139583
0 0.133594 0.538542 0.064062 0.139583
0 0.008594 0.514583 0.017188 0.050000
0 0.068750 0.512500 0.021875 0.050000
0 0.015625 0.520833 0.031250 0.070833
0 0.202344 0.559375 0.092188 0.202083
0 0.019531 0.527083 0.039062 0.095833
0 0.027344 0.525000 0.039062 0.087500
0 0.026562 0.517708 0.021875 0.047917
0 0.020313 0.521875 0.028125 0.060417
0 0.065625 0.518750 0.025000 0.054167
0 0.234375 0.573958 0.071875 0.247917
0 0.004687 0.513542 0.009375 0.047917
0 0.106250 0.519792 0.025000 0.060417
