0 0.521094 0.531250 0.048438 0.104167
0 0.483594 0.514583 0.020313 0.050000
0 0.466406 0.510417 0.017188 0.037500
0 0.467969 0.513542 0.017188 0.047917
0 0.446094 0.514583 0.023438 0.054167
0 0.485938 0.522917 0.034375 0.079167
0 0.472656 0.509375 0.010937 0.031250
0 0.482031 0.510417 0.014063 0.033333
0 0.497656 0.511458 0.020313 0.047917
0 0.488281 0.512500 0.017188 0.041667
0 0.432812 0.528125 0.046875 0.102083
0 0.471094 0.520833 0.032813 0.075000
0 0.446875 0.515625 0.025000 0.056250
0 0.509375 0.517708 0.025000 0.060417
0 0.503125 0.519792 0.028125 0.064583
0 0.478906 0.526042 0.045312 0.097917
0 0.481250 0.531250 0.050000 0.108333
0 0.496094 0.510417 0.017188 0.041667
0 0.471094 0.508333 0.014063 0.033333
0 0.484375 0.514583 0.028125 0.054167
0 0.471094 0.518750 0.026562 0.070833
0 0.472656 0.517708 0.029687 0.064583
0 0.482812 0.516667 0.025000 0.062500
0 0.472656 0.509375 0.014063 0.035417
0 0.496875 0.509375 0.012500 0.035417
0 0.464844 0.512500 0.020313 0.045833
0 0.471094 0.510417 0.017188 0.041667
0 0.468750 0.511458 0.015625 0.039583
0 0.442188 0.513542 0.015625 0.052083
0 0.497656 0.512500 0.014063 0.050000
0 0.491406 0.509375 0.010937 0.039583
0 0.448437 0.507292 0.012500 0.031250
0 0.452344 0.507292 0.014063 0.031250
0 0.528125 0.525000 0.037500 0.075000
0 0.501563 0.510417 0.018750 0.037500
0 0.534375 0.525000 0.043750 0.095833
0 0.496875 0.509375 0.012500 0.031250
0 0.513281 0.517708 0.014063 0.052083
0 0.539844 0.534375 0.032813 0.118750
0 0.517969 0.519792 0.020313 0.072917
0 0.435937 0.517708 0.031250 0.064583
0 0.434375 0.517708 0.025000 0.060417
0 0.450000 0.508333 0.015625 0.033333
0 0.443750 0.513542 0.021875 0.047917
0 0.449219 0.510417 0.020313 0.041667
0 0.448437 0.510417 0.015625 0.037500
0 0.449219 0.510417 0.014063 0.037500
0 0.403125 0.531250 0.053125 0.116667
0 0.450781 0.508333 0.014063 0.033333
0 0.453125 0.512500 0.018750 0.045833
0 0.428906 0.519792 0.020313 0.072917
0 0.489844 0.507292 0.014063 0.031250
