0 0.450000 0.538542 0.046875 0.114583
0 0.305469 0.545833 0.051562 0.145833
0 0.375000 0.512500 0.018750 0.045833
0 0.385937 0.517708 0.028125 0.064583
0 0.346094 0.515625 0.026562 0.060417
0 0.381250 0.538542 0.046875 0.114583
0 0.353125 0.512500 0.015625 0.045833
0 0.351562 0.517708 0.028125 0.064583
0 0.387500 0.520833 0.031250 0.070833
0 0.338281 0.523958 0.032813 0.081250
0 0.420312 0.531250 0.050000 0.108333
0 0.349219 0.515625 0.023438 0.052083
0 0.351562 0.513542 0.018750 0.052083
0 0.353906 0.527083 0.042188 0.100000
0 0.357812 0.513542 0.015625 0.047917
0 0.347656 0.519792 0.026562 0.068750
0 0.354687 0.531250 0.046875 0.108333
0 0.402344 0.525000 0.039062 0.087500
0 0.345313 0.521875 0.021875 0.077083
0 0.322656 0.512500 0.020313 0.045833
0 0.343750 0.512500 0.015625 0.041667
0 0.367188 0.510417 0.015625 0.041667
0 0.461719 0.541667 0.054688 0.133333
0 0.391406 0.514583 0.017188 0.045833
0 0.379688 0.511458 0.015625 0.043750
0 0.409375 0.519792 0.025000 0.064583
0 0.388281 0.511458 0.017188 0.047917
0 0.389062 0.516667 0.015625 0.058333
0 0.654687 0.612500 0.112500 0.375000
0 0.278125 0.536458 0.050000 0.127083
0 0.292969 0.531250 0.042188 0.091667
0 0.296094 0.526042 0.032813 0.081250
0 0.304688 0.521875 0.025000 0.068750
0 0.315625 0.515625 0.021875 0.060417
0 0.321094 0.512500 0.020313 0.045833
0 0.317969 0.514583 0.023438 0.054167
0 0.317188 0.517708 0.028125 0.064583
0 0.307812 0.533333 0.059375 0.104167
0 0.280469 0.557292 0.064062 0.168750
0 0.350781 0.511458 0.014063 0.039583
0 0.324219 0.510417 0.014063 0.041667
