0 0.450781 0.515625 0.020313 0.056250
0 0.488281 0.517708 0.029687 0.064583
0 0.475000 0.522917 0.028125 0.079167
0 0.451562 0.516667 0.031250 0.062500
0 0.483594 0.540625 0.060937 0.147917
0 0.503125 0.534375 0.056250 0.122917
0 0.487500 0.532292 0.046875 0.106250
0 0.470313 0.514583 0.025000 0.058333
0 0.429688 0.527083 0.037500 0.091667
0 0.471094 0.519792 0.032813 0.072917
0 0.496094 0.517708 0.029687 0.060417
0 0.488281 0.513542 0.023438 0.052083
0 0.499219 0.519792 0.029687 0.068750
0 0.427344 0.532292 0.048438 0.118750
0 0.454688 0.514583 0.015625 0.054167
0 0.432812 0.518750 0.018750 0.066667
0 0.428125 0.514583 0.018750 0.045833
0 0.482031 0.513542 0.020313 0.047917
0 0.425781 0.513542 0.014063 0.052083
0 0.497656 0.514583 0.023438 0.054167
0 0.522656 0.522917 0.029687 0.079167
0 0.501563 0.515625 0.018750 0.056250
0 0.532813 0.532292 0.059375 0.102083
0 0.418750 0.540625 0.059375 0.131250
0 0.425781 0.520833 0.020313 0.075000
0 0.424219 0.514583 0.023438 0.054167
0 0.411719 0.527083 0.032813 0.083333
0 0.421875 0.522917 0.021875 0.079167
0 0.397656 0.575000 0.082812 0.220833
0 0.462500 0.512500 0.018750 0.045833
0 0.419531 0.513542 0.010937 0.043750
0 0.430469 0.512500 0.010937 0.045833
