0 0.553125 0.537500 0.053125 0.116667
0 0.637500 0.580208 0.065625 0.227083
0 0.607812 0.533333 0.043750 0.095833
0 0.568750 0.511458 0.015625 0.039583
0 0.573438 0.515625 0.015625 0.039583
0 0.555469 0.518750 0.010937 0.045833
0 0.529687 0.522917 0.031250 0.070833
0 0.598437 0.525000 0.034375 0.075000
0 0.600000 0.529167 0.040625 0.091667
0 0.571094 0.543750 0.060937 0.133333
0 0.500781 0.559375 0.076563 0.168750
0 0.596875 0.561458 0.062500 0.181250
0 0.567969 0.520833 0.029687 0.062500
0 0.532031 0.518750 0.026562 0.058333
0 0.542969 0.515625 0.014063 0.043750
0 0.530469 0.519792 0.026562 0.064583
0 0.556250 0.534375 0.046875 0.102083
0 0.545312 0.526042 0.037500 0.081250
0 0.553125 0.525000 0.034375 0.075000
0 0.585938 0.515625 0.021875 0.047917
0 0.574219 0.513542 0.014063 0.039583
0 0.569531 0.518750 0.020313 0.050000
0 0.617969 0.551042 0.070312 0.152083
0 0.595313 0.521875 0.031250 0.068750
0 0.612500 0.536458 0.050000 0.110417
0 0.550781 0.512500 0.014063 0.033333
0 0.569531 0.511458 0.017188 0.039583
0 0.558594 0.512500 0.014063 0.033333
0 0.589063 0.519792 0.025000 0.060417
0 0.563281 0.518750 0.026562 0.058333
0 0.505469 0.535417 0.045312 0.100000
0 0.550000 0.530208 0.025000 0.089583
0 0.539844 0.551042 0.067187 0.147917
0 0.573438 0.515625 0.015625 0.043750
0 0.564063 0.525000 0.015625 0.062500
0 0.547656 0.512500 0.010937 0.037500
0 0.560937 0.514583 0.012500 0.045833
0 0.543750 0.510417 0.012500 0.033333
0 0.571094 0.510417 0.010937 0.033333
0 0.632031 0.541667 0.045312 0.125000
0 0.587500 0.514583 0.018750 0.045833
0 0.605469 0.518750 0.020313 0.050000
0 0.591406 0.513542 0.014063 0.039583
0 0.596875 0.515625 0.015625 0.039583
0 0.592187 0.518750 0.012500 0.045833
0 0.431250 0.580208 0.087500 0.185417
0 0.539844 0.515625 0.017188 0.043750
0 0.482031 0.540625 0.057813 0.122917
0 0.474219 0.547917 0.064062 0.141667
0 0.506250 0.528125 0.037500 0.081250
0 0.510938 0.526042 0.034375 0.077083
0 0.528906 0.516667 0.023438 0.054167
0 0.530469 0.515625 0.020313 0.047917
0 0.530469 0.516667 0.023438 0.050000
0 0.507031 0.531250 0.026562 0.091667
0 0.560156 0.509375 0.010937 0.031250
0 0.540625 0.510417 0.015625 0.033333
0 0.539062 0.509375 0.015625 0.031250
