0 0.535937 0.527083 0.043750 0.091667
0 0.596094 0.532292 0.051562 0.114583
0 0.525000 0.532292 0.053125 0.118750
0 0.606250 0.519792 0.034375 0.068750
0 0.596094 0.515625 0.026562 0.056250
0 0.567969 0.515625 0.026562 0.056250
0 0.544531 0.539583 0.060937 0.133333
0 0.544531 0.521875 0.029687 0.077083
0 0.625781 0.529167 0.045312 0.100000
0 0.579688 0.527083 0.046875 0.100000
0 0.532813 0.530208 0.046875 0.102083
0 0.585938 0.525000 0.040625 0.087500
0 0.597656 0.522917 0.029687 0.079167
0 0.595313 0.518750 0.025000 0.062500
0 0.552344 0.518750 0.029687 0.070833
0 0.633594 0.520833 0.026562 0.070833
0 0.678906 0.541667 0.064062 0.141667
0 0.654687 0.532292 0.053125 0.118750
0 0.635938 0.526042 0.040625 0.089583
