0 0.527344 0.537500 0.060937 0.129167
0 0.596094 0.538542 0.054688 0.127083
0 0.585938 0.514583 0.021875 0.050000
0 0.605469 0.515625 0.026562 0.060417
0 0.533594 0.526042 0.042188 0.093750
0 0.557813 0.515625 0.021875 0.056250
0 0.572656 0.512500 0.017188 0.041667
0 0.582031 0.516667 0.029687 0.058333
0 0.565625 0.526042 0.031250 0.077083
0 0.582812 0.521875 0.034375 0.077083
0 0.560156 0.521875 0.026562 0.064583
0 0.604688 0.527083 0.031250 0.079167
0 0.639062 0.531250 0.050000 0.112500
0 0.582812 0.515625 0.018750 0.052083
0 0.596094 0.512500 0.014063 0.041667
0 0.606250 0.518750 0.028125 0.066667
0 0.571094 0.514583 0.020313 0.041667
0 0.559375 0.517708 0.028125 0.064583
0 0.581250 0.527083 0.034375 0.087500
0 0.626563 0.527083 0.043750 0.100000
0 0.531250 0.522917 0.031250 0.070833
0 0.561719 0.514583 0.020313 0.045833
0 0.595313 0.513542 0.012500 0.047917
0 0.567187 0.530208 0.031250 0.106250
0 0.542969 0.511458 0.014063 0.039583
0 0.550000 0.511458 0.015625 0.043750
0 0.580469 0.510417 0.017188 0.041667
0 0.560937 0.510417 0.015625 0.041667
0 0.558594 0.510417 0.017188 0.041667
0 0.607031 0.513542 0.017188 0.043750
0 0.621875 0.518750 0.021875 0.062500
0 0.514062 0.529167 0.046875 0.104167
0 0.546094 0.515625 0.020313 0.052083
0 0.545312 0.512500 0.015625 0.045833
0 0.548438 0.515625 0.018750 0.047917
0 0.533594 0.517708 0.029687 0.064583
0 0.496094 0.548958 0.048438 0.164583
0 0.544531 0.510417 0.010937 0.037500
