0 0.235937 0.627083 0.187500 0.429167
0 0.426563 0.514583 0.018750 0.050000
0 0.429688 0.510417 0.018750 0.041667
0 0.408594 0.510417 0.017188 0.041667
0 0.433594 0.509375 0.017188 0.039583
0 0.432812 0.513542 0.018750 0.047917
0 0.392969 0.515625 0.026562 0.060417
0 0.423438 0.517708 0.028125 0.068750
0 0.425781 0.515625 0.020313 0.052083
0 0.430469 0.512500 0.017188 0.041667
0 0.435937 0.523958 0.040625 0.089583
0 0.435156 0.516667 0.026562 0.058333
0 0.415625 0.515625 0.025000 0.056250
0 0.421094 0.529167 0.045312 0.100000
0 0.392969 0.525000 0.032813 0.091667
0 0.404687 0.511458 0.018750 0.043750
0 0.427344 0.512500 0.017188 0.041667
0 0.401562 0.515625 0.018750 0.052083
0 0.409375 0.522917 0.034375 0.079167
0 0.392188 0.534375 0.062500 0.106250
0 0.387500 0.517708 0.018750 0.064583
0 0.432812 0.509375 0.012500 0.035417
0 0.401562 0.510417 0.012500 0.037500
0 0.411719 0.509375 0.014063 0.035417
0 0.416406 0.510417 0.017188 0.037500
0 0.450000 0.512500 0.021875 0.050000
0 0.460156 0.515625 0.020313 0.052083
0 0.462500 0.520833 0.034375 0.075000
0 0.457031 0.511458 0.014063 0.039583
0 0.457813 0.515625 0.025000 0.060417
0 0.458594 0.517708 0.017188 0.064583
0 0.348438 0.536458 0.065625 0.114583
0 0.410156 0.508333 0.017188 0.033333
