0 0.451562 0.526042 0.040625 0.089583
0 0.436719 0.516667 0.026562 0.062500
0 0.439063 0.520833 0.031250 0.070833
0 0.442188 0.517708 0.028125 0.064583
0 0.407031 0.511458 0.014063 0.031250
0 0.426563 0.511458 0.015625 0.031250
0 0.418750 0.531250 0.053125 0.108333
0 0.389844 0.509375 0.014063 0.035417
0 0.426563 0.514583 0.021875 0.054167
0 0.389844 0.514583 0.023438 0.050000
0 0.360156 0.548958 0.076563 0.164583
0 0.403125 0.516667 0.028125 0.062500
0 0.417187 0.528125 0.043750 0.093750
0 0.367969 0.541667 0.048438 0.141667
0 0.407813 0.515625 0.025000 0.056250
0 0.405469 0.510417 0.014063 0.037500
0 0.423438 0.509375 0.015625 0.035417
0 0.424219 0.510417 0.017188 0.037500
0 0.392188 0.514583 0.018750 0.054167
0 0.405469 0.512500 0.020313 0.050000
0 0.428125 0.512500 0.021875 0.045833
0 0.429688 0.513542 0.021875 0.047917
0 0.407031 0.511458 0.020313 0.043750
0 0.404687 0.512500 0.018750 0.045833
0 0.380469 0.558333 0.067187 0.195833
0 0.414062 0.526042 0.034375 0.085417
0 0.439063 0.515625 0.025000 0.056250
0 0.404687 0.522917 0.037500 0.079167
0 0.442969 0.521875 0.035937 0.077083
0 0.405469 0.519792 0.032813 0.072917
0 0.411719 0.518750 0.029687 0.066667
0 0.396875 0.512500 0.015625 0.037500
0 0.385937 0.511458 0.018750 0.043750
0 0.435156 0.536458 0.042188 0.122917
0 0.407031 0.509375 0.010937 0.035417
0 0.400000 0.508333 0.015625 0.033333
0 0.381250 0.508333 0.012500 0.033333
0 0.500000 0.529167 0.037500 0.095833
0 0.436719 0.510417 0.014063 0.041667
0 0.436719 0.511458 0.014063 0.043750
0 0.370312 0.520833 0.034375 0.075000
0 0.375000 0.519792 0.031250 0.068750
0 0.364063 0.523958 0.037500 0.081250
0 0.382812 0.512500 0.015625 0.037500
0 0.378125 0.512500 0.021875 0.050000
0 0.346875 0.536458 0.056250 0.122917
0 0.377344 0.516667 0.026562 0.058333
0 0.357812 0.527083 0.043750 0.095833
0 0.381250 0.512500 0.021875 0.045833
0 0.353125 0.531250 0.050000 0.108333
0 0.369531 0.516667 0.017188 0.062500
0 0.380469 0.510417 0.010937 0.037500
