0 0.574219 0.525000 0.035937 0.091667
0 0.482031 0.521875 0.035937 0.081250
0 0.581250 0.514583 0.021875 0.058333
0 0.583594 0.517708 0.017188 0.060417
0 0.585938 0.514583 0.012500 0.054167
0 0.586719 0.510417 0.010937 0.037500
0 0.580469 0.511458 0.017188 0.043750
0 0.539844 0.519792 0.029687 0.064583
0 0.555469 0.510417 0.014063 0.033333
0 0.542188 0.511458 0.018750 0.039583
0 0.572656 0.512500 0.017188 0.041667
0 0.574219 0.507292 0.014063 0.027083
0 0.573438 0.509375 0.009375 0.035417
0 0.570312 0.509375 0.015625 0.031250
0 0.573438 0.508333 0.012500 0.029167
0 0.550781 0.515625 0.020313 0.056250
0 0.572656 0.518750 0.032813 0.070833
0 0.564844 0.511458 0.017188 0.039583
0 0.525781 0.520833 0.032813 0.070833
0 0.578906 0.508333 0.014063 0.033333
0 0.496875 0.518750 0.031250 0.070833
0 0.549219 0.510417 0.014063 0.037500
0 0.568750 0.511458 0.009375 0.035417
0 0.547656 0.512500 0.014063 0.045833
0 0.503125 0.517708 0.025000 0.060417
0 0.531250 0.512500 0.015625 0.041667
0 0.550000 0.508333 0.015625 0.033333
0 0.528125 0.514583 0.012500 0.041667
0 0.539062 0.512500 0.012500 0.037500
0 0.546875 0.509375 0.009375 0.035417
0 0.559375 0.506250 0.015625 0.029167
