0 0.603906 0.536458 0.048438 0.102083
0 0.507812 0.530208 0.031250 0.089583
0 0.607031 0.523958 0.029687 0.068750
0 0.603125 0.520833 0.025000 0.058333
0 0.610938 0.514583 0.018750 0.041667
0 0.613281 0.513542 0.017188 0.039583
0 0.613281 0.512500 0.017188 0.037500
0 0.611719 0.512500 0.017188 0.037500
0 0.614844 0.510417 0.014063 0.033333
0 0.612500 0.520833 0.021875 0.062500
0 0.610938 0.515625 0.015625 0.043750
0 0.618750 0.512500 0.012500 0.033333
0 0.605469 0.516667 0.017188 0.045833
0 0.526563 0.521875 0.028125 0.064583
0 0.592969 0.509375 0.014063 0.031250
0 0.592969 0.513542 0.017188 0.035417
0 0.601562 0.511458 0.012500 0.031250
0 0.581250 0.514583 0.015625 0.041667
0 0.557813 0.528125 0.028125 0.072917
0 0.589063 0.512500 0.012500 0.033333
0 0.571094 0.513542 0.014063 0.035417
0 0.512500 0.527083 0.034375 0.079167
0 0.570312 0.513542 0.018750 0.039583
0 0.592187 0.527083 0.021875 0.079167
0 0.560156 0.525000 0.020313 0.070833
0 0.588281 0.510417 0.014063 0.029167
0 0.592187 0.510417 0.015625 0.029167
0 0.567969 0.520833 0.017188 0.058333
0 0.589844 0.514583 0.010937 0.037500
0 0.567187 0.516667 0.012500 0.050000
0 0.558594 0.513542 0.017188 0.039583
0 0.554688 0.515625 0.018750 0.043750
0 0.569531 0.510417 0.014063 0.033333
0 0.548438 0.518750 0.012500 0.045833
0 0.556250 0.515625 0.012500 0.039583
0 0.565625 0.511458 0.009375 0.035417
