0 0.550000 0.514583 0.021875 0.050000
0 0.498437 0.517708 0.025000 0.060417
0 0.528125 0.530208 0.050000 0.106250
0 0.532031 0.516667 0.026562 0.062500
0 0.539062 0.514583 0.018750 0.045833
0 0.526563 0.511458 0.015625 0.043750
0 0.518750 0.512500 0.021875 0.050000
0 0.533594 0.527083 0.035937 0.087500
0 0.504687 0.516667 0.025000 0.054167
0 0.532031 0.517708 0.029687 0.064583
0 0.514844 0.512500 0.017188 0.045833
0 0.518750 0.514583 0.028125 0.050000
0 0.520312 0.511458 0.025000 0.039583
0 0.505469 0.511458 0.017188 0.043750
0 0.585938 0.531250 0.037500 0.095833
0 0.550000 0.511458 0.015625 0.043750
0 0.490625 0.513542 0.021875 0.047917
0 0.487500 0.513542 0.018750 0.043750
0 0.519531 0.509375 0.014063 0.039583
0 0.492188 0.510417 0.015625 0.041667
0 0.492188 0.510417 0.015625 0.037500
