0 0.409375 0.632292 0.146875 0.418750
0 0.549219 0.588542 0.126562 0.293750
0 0.568750 0.527083 0.034375 0.083333
0 0.575781 0.522917 0.029687 0.079167
0 0.503125 0.536458 0.043750 0.122917
0 0.531250 0.526042 0.037500 0.085417
0 0.559375 0.521875 0.028125 0.068750
0 0.535156 0.542708 0.048438 0.139583
0 0.523438 0.518750 0.025000 0.066667
0 0.528906 0.564583 0.101562 0.220833
0 0.518750 0.554167 0.065625 0.158333
0 0.413281 0.567708 0.064062 0.227083
0 0.554688 0.533333 0.031250 0.112500
0 0.495312 0.530208 0.037500 0.089583
