0 0.474219 0.548958 0.076563 0.168750
0 0.482031 0.540625 0.048438 0.127083
0 0.382031 0.555208 0.089063 0.197917
0 0.482812 0.518750 0.028125 0.058333
0 0.432812 0.525000 0.028125 0.083333
0 0.465625 0.531250 0.040625 0.083333
0 0.460156 0.516667 0.026562 0.058333
0 0.476562 0.521875 0.037500 0.081250
0 0.484375 0.563542 0.093750 0.214583
0 0.398438 0.544792 0.068750 0.152083
0 0.411719 0.533333 0.051562 0.112500
0 0.406250 0.537500 0.059375 0.129167
0 0.423438 0.519792 0.028125 0.068750
0 0.445312 0.518750 0.025000 0.062500
0 0.482031 0.521875 0.020313 0.064583
0 0.460938 0.533333 0.031250 0.112500
0 0.546875 0.545833 0.071875 0.162500
0 0.524219 0.529167 0.042188 0.095833
0 0.492188 0.516667 0.021875 0.058333
0 0.508594 0.532292 0.048438 0.110417
0 0.532031 0.539583 0.045312 0.129167
