0 0.481250 0.519792 0.021875 0.060417
0 0.367969 0.580208 0.095312 0.218750
0 0.440625 0.534375 0.043750 0.102083
0 0.468750 0.522917 0.028125 0.066667
0 0.450781 0.520833 0.023438 0.058333
0 0.477344 0.529167 0.042188 0.091667
0 0.464062 0.545833 0.059375 0.133333
0 0.377344 0.542708 0.054688 0.131250
0 0.397656 0.548958 0.060937 0.147917
0 0.417187 0.523958 0.025000 0.064583
0 0.437500 0.532292 0.034375 0.089583
0 0.378906 0.558333 0.048438 0.170833
0 0.479687 0.527083 0.018750 0.066667
0 0.395313 0.526042 0.028125 0.072917
