0 0.327344 0.518750 0.023438 0.062500
0 0.318750 0.520833 0.028125 0.079167
0 0.323437 0.518750 0.031250 0.075000
0 0.313281 0.527083 0.045312 0.100000
0 0.335938 0.543750 0.075000 0.162500
0 0.285156 0.519792 0.032813 0.068750
0 0.490625 0.636458 0.137500 0.477083
0 0.288281 0.517708 0.023438 0.064583
0 0.310156 0.515625 0.023438 0.060417
0 0.275000 0.518750 0.015625 0.058333
0 0.296875 0.514583 0.015625 0.058333
0 0.353906 0.516667 0.026562 0.062500
0 0.249219 0.517708 0.020313 0.068750
0 0.249219 0.520833 0.020313 0.054167
0 0.265625 0.515625 0.021875 0.056250
0 0.242969 0.513542 0.007812 0.052083
