0 0.857812 0.527083 0.037500 0.083333
0 0.862500 0.519792 0.025000 0.060417
0 0.866406 0.518750 0.026562 0.058333
0 0.864062 0.522917 0.028125 0.070833
0 0.867188 0.525000 0.028125 0.070833
0 0.796094 0.544792 0.057813 0.139583
0 0.671094 0.547917 0.048438 0.141667
0 0.698438 0.538542 0.053125 0.118750
0 0.829688 0.517708 0.021875 0.052083
0 0.814063 0.515625 0.021875 0.052083
0 0.785156 0.519792 0.029687 0.064583
0 0.732031 0.531250 0.042188 0.095833
0 0.851562 0.522917 0.025000 0.062500
0 0.859375 0.517708 0.018750 0.052083
0 0.797656 0.516667 0.023438 0.054167
0 0.856250 0.515625 0.025000 0.047917
0 0.333594 0.680208 0.226562 0.543750
0 0.780469 0.518750 0.023438 0.058333
0 0.753125 0.527083 0.037500 0.079167
0 0.784375 0.521875 0.034375 0.068750
0 0.803125 0.531250 0.043750 0.095833
0 0.819531 0.521875 0.029687 0.068750
0 0.775000 0.537500 0.050000 0.116667
0 0.803125 0.526042 0.037500 0.081250
0 0.853125 0.529167 0.037500 0.091667
0 0.797656 0.518750 0.029687 0.054167
0 0.822656 0.519792 0.014063 0.052083
0 0.799219 0.513542 0.017188 0.043750
0 0.804688 0.513542 0.018750 0.043750
0 0.787500 0.514583 0.012500 0.045833
0 0.860156 0.514583 0.017188 0.050000
0 0.849219 0.514583 0.017188 0.045833
0 0.785156 0.512500 0.014063 0.041667
