0 0.566406 0.514583 0.032813 0.066667
0 0.562500 0.525000 0.046875 0.104167
0 0.696875 0.572917 0.131250 0.316667
0 0.536719 0.515625 0.023438 0.056250
0 0.572656 0.514583 0.017188 0.062500
0 0.563281 0.518750 0.026562 0.070833
0 0.549219 0.513542 0.020313 0.052083
0 0.524219 0.511458 0.020313 0.052083
0 0.560156 0.513542 0.026562 0.056250
0 0.524219 0.510417 0.014063 0.050000
0 0.523438 0.512500 0.018750 0.054167
0 0.589063 0.513542 0.021875 0.056250
0 0.505469 0.516667 0.032813 0.070833
0 0.511719 0.514583 0.017188 0.062500
0 0.581250 0.512500 0.021875 0.054167
0 0.550781 0.511458 0.023438 0.052083
0 0.509375 0.512500 0.015625 0.045833
