0 0.514844 0.514583 0.023438 0.054167
0 0.508594 0.528125 0.042188 0.097917
0 0.538281 0.515625 0.020313 0.052083
0 0.525781 0.520833 0.035937 0.079167
0 0.511719 0.513542 0.020313 0.047917
0 0.528125 0.518750 0.025000 0.070833
0 0.542969 0.514583 0.020313 0.050000
0 0.533594 0.540625 0.064062 0.139583
0 0.519531 0.516667 0.020313 0.054167
0 0.495312 0.512500 0.015625 0.041667
0 0.535156 0.512500 0.023438 0.045833
0 0.505469 0.512500 0.020313 0.045833
0 0.514062 0.511458 0.018750 0.043750
0 0.558594 0.513542 0.017188 0.047917
0 0.572656 0.518750 0.026562 0.066667
0 0.601562 0.535417 0.056250 0.125000
0 0.483594 0.517708 0.023438 0.060417
0 0.490625 0.513542 0.021875 0.052083
0 0.488281 0.515625 0.026562 0.056250
0 0.491406 0.512500 0.020313 0.045833
0 0.528125 0.511458 0.015625 0.039583
0 0.500000 0.511458 0.015625 0.039583
