0 0.475781 0.516667 0.014063 0.054167
0 0.453906 0.522917 0.023438 0.083333
0 0.448437 0.515625 0.021875 0.047917
0 0.418750 0.513542 0.021875 0.052083
0 0.475781 0.516667 0.023438 0.050000
0 0.446094 0.517708 0.023438 0.060417
0 0.439844 0.515625 0.020313 0.060417
0 0.420312 0.516667 0.021875 0.054167
0 0.421875 0.513542 0.018750 0.047917
0 0.426563 0.512500 0.021875 0.045833
0 0.444531 0.511458 0.014063 0.047917
0 0.560156 0.547917 0.079687 0.179167
0 0.484375 0.513542 0.018750 0.047917
0 0.407031 0.515625 0.017188 0.060417
0 0.404687 0.517708 0.018750 0.064583
0 0.446094 0.511458 0.020313 0.047917
0 0.429688 0.511458 0.021875 0.043750
