0 0.864062 0.513542 0.018750 0.052083
0 0.862500 0.517708 0.021875 0.056250
0 0.863281 0.514583 0.020313 0.054167
0 0.858594 0.521875 0.029687 0.081250
0 0.845313 0.521875 0.028125 0.064583
0 0.856250 0.512500 0.021875 0.050000
0 0.788281 0.514583 0.023438 0.050000
0 0.848437 0.513542 0.021875 0.047917
0 0.781250 0.515625 0.025000 0.056250
0 0.748437 0.520833 0.034375 0.079167
0 0.774219 0.517708 0.029687 0.068750
0 0.800000 0.526042 0.043750 0.093750
0 0.815625 0.517708 0.031250 0.068750
0 0.853125 0.518750 0.028125 0.066667
0 0.771094 0.533333 0.051562 0.112500
0 0.797656 0.521875 0.035937 0.081250
0 0.848437 0.523958 0.040625 0.089583
0 0.774219 0.536458 0.054688 0.127083
0 0.688281 0.537500 0.048438 0.137500
0 0.706250 0.532292 0.037500 0.110417
0 0.825000 0.514583 0.021875 0.050000
0 0.811719 0.513542 0.023438 0.047917
0 0.782813 0.516667 0.028125 0.062500
0 0.736719 0.526042 0.026562 0.089583
0 0.848437 0.519792 0.015625 0.056250
0 0.797656 0.515625 0.032813 0.052083
0 0.822656 0.511458 0.014063 0.039583
0 0.841406 0.511458 0.020313 0.043750
0 0.803125 0.511458 0.015625 0.043750
0 0.786719 0.511458 0.010937 0.043750
0 0.789844 0.511458 0.017188 0.039583
