0 0.554688 0.552083 0.065625 0.183333
0 0.488281 0.566667 0.098437 0.225000
0 0.396875 0.550000 0.084375 0.187500
0 0.514844 0.513542 0.023438 0.052083
0 0.484375 0.512500 0.018750 0.045833
0 0.528125 0.523958 0.040625 0.089583
0 0.482031 0.519792 0.026562 0.056250
0 0.509375 0.511458 0.018750 0.043750
0 0.500000 0.514583 0.021875 0.054167
0 0.503125 0.511458 0.018750 0.043750
0 0.481250 0.511458 0.015625 0.043750
0 0.426563 0.534375 0.056250 0.122917
0 0.480469 0.515625 0.026562 0.060417
0 0.442188 0.530208 0.050000 0.110417
0 0.483594 0.525000 0.042188 0.095833
0 0.534375 0.526042 0.043750 0.097917
0 0.484375 0.513542 0.028125 0.047917
0 0.489063 0.530208 0.031250 0.110417
0 0.506250 0.515625 0.018750 0.060417
0 0.511719 0.512500 0.014063 0.045833
0 0.453906 0.518750 0.020313 0.070833
0 0.485938 0.510417 0.018750 0.041667
0 0.482812 0.510417 0.015625 0.037500
0 0.464844 0.510417 0.014063 0.041667
0 0.501563 0.511458 0.015625 0.039583
0 0.530469 0.516667 0.020313 0.054167
0 0.463281 0.514583 0.020313 0.041667
0 0.454688 0.510417 0.009375 0.037500
0 0.455469 0.511458 0.010937 0.035417
0 0.468750 0.511458 0.015625 0.035417
