0 0.424219 0.557292 0.089063 0.202083
0 0.385937 0.550000 0.065625 0.162500
0 0.303125 0.565625 0.096875 0.222917
0 0.262500 0.619792 0.118750 0.397917
0 0.454688 0.523958 0.031250 0.085417
0 0.414844 0.523958 0.039062 0.085417
0 0.363281 0.584375 0.095312 0.268750
0 0.477344 0.520833 0.032813 0.070833
0 0.386719 0.541667 0.060937 0.141667
0 0.439063 0.521875 0.028125 0.060417
0 0.447656 0.532292 0.032813 0.110417
0 0.460938 0.521875 0.021875 0.077083
0 0.358594 0.535417 0.054688 0.129167
0 0.386719 0.530208 0.032813 0.089583
