10 0.510938 0.611458 0.340625 0.306250
4 0.058594 0.611458 0.117188 0.397917
6 0.952344 0.410417 0.092188 0.237500
6 0.888281 0.400000 0.076563 0.133333
11 0.653906 0.376042 0.151562 0.181250
11 0.472656 0.411458 0.092188 0.127083
6 0.500000 0.379167 0.025000 0.033333
11 0.976562 0.340625 0.043750 0.102083
6 0.580469 0.455208 0.032813 0.068750
6 0.420312 0.438542 0.028125 0.060417
6 0.520312 0.419792 0.034375 0.064583
11 0.607031 0.397917 0.073438 0.083333
6 0.534375 0.398958 0.025000 0.047917
10 0.782031 0.445833 0.076563 0.075000
