3 0.763281 0.492708 0.076563 0.172917
7 0.606250 0.496875 0.015625 0.027083
3 0.780469 0.494792 0.039062 0.085417
0 0.979688 0.503125 0.037500 0.106250
2 0.518750 0.497917 0.015625 0.025000
3 0.808594 0.493750 0.060937 0.120833
7 0.525000 0.495833 0.015625 0.025000
12 0.734375 0.406250 0.015625 0.029167
3 0.766406 0.402083 0.014063 0.025000
3 0.758594 0.400000 0.014063 0.029167
3 0.316406 0.421875 0.020313 0.039583
3 0.345313 0.423958 0.018750 0.039583
13 0.224219 0.366667 0.035937 0.075000
9 0.100000 0.343750 0.031250 0.087500
3 0.352344 0.429167 0.020313 0.029167
