7 0.037500 0.314583 0.075000 0.158333
1 0.352344 0.587500 0.095312 0.225000
1 0.422656 0.564583 0.070312 0.166667
1 0.639844 0.571875 0.073438 0.177083
5 0.580469 0.637500 0.123438 0.300000
3 0.832812 0.511458 0.018750 0.039583
3 0.645312 0.513542 0.021875 0.043750
5 0.872656 0.605208 0.098437 0.264583
0 0.556250 0.513542 0.012500 0.035417
1 0.338281 0.521875 0.017188 0.056250
5 0.762500 0.513542 0.021875 0.039583
3 0.351562 0.529167 0.040625 0.108333
0 0.515625 0.510417 0.015625 0.033333
0 0.564844 0.513542 0.017188 0.039583
0 0.515625 0.512500 0.015625 0.037500
12 0.307812 0.355208 0.025000 0.056250
13 0.721094 0.450000 0.017188 0.037500
