1 0.959375 0.696875 0.078125 0.489583
0 0.514844 0.511458 0.014063 0.035417
0 0.575000 0.513542 0.018750 0.043750
5 0.796094 0.669792 0.404687 0.656250
1 0.332031 0.520833 0.017188 0.062500
0 0.521094 0.512500 0.017188 0.041667
5 0.757812 0.512500 0.018750 0.045833
3 0.380469 0.534375 0.057813 0.131250
0 0.550781 0.511458 0.014063 0.039583
3 0.871094 0.510417 0.029687 0.045833
3 0.663281 0.512500 0.026562 0.050000
1 0.450000 0.594792 0.078125 0.264583
1 0.438281 0.651042 0.114062 0.427083
12 0.305469 0.340625 0.029687 0.056250
13 0.739062 0.444792 0.021875 0.039583
