0 0.934375 0.511458 0.037500 0.106250
0 0.865625 0.520833 0.040625 0.087500
0 0.479687 0.517708 0.078125 0.172917
0 0.650781 0.528125 0.051562 0.122917
0 0.839844 0.504167 0.026562 0.058333
0 0.540625 0.510417 0.053125 0.120833
0 0.817969 0.528125 0.051562 0.114583
0 0.767188 0.518750 0.037500 0.083333
0 0.582812 0.534375 0.062500 0.135417
0 0.852344 0.514583 0.029687 0.066667
0 0.784375 0.516667 0.031250 0.070833
0 0.936719 0.512500 0.045312 0.125000
0 0.782031 0.504167 0.026562 0.062500
0 0.632812 0.506250 0.034375 0.079167
0 0.420312 0.513542 0.037500 0.131250
0 0.607812 0.508333 0.025000 0.087500
