0 0.504687 0.580208 0.159375 0.302083
0 0.329688 0.553125 0.062500 0.147917
0 0.275781 0.537500 0.035937 0.100000
0 0.246875 0.564583 0.062500 0.175000
0 0.176563 0.610417 0.084375 0.287500
13 0.294531 0.505208 0.017188 0.056250
13 0.217969 0.506250 0.023438 0.050000
11 0.350000 0.437500 0.034375 0.041667
7 0.350781 0.368750 0.057813 0.095833
0 0.260156 0.527083 0.026562 0.075000
0 0.108594 0.526042 0.023438 0.068750
0 0.289062 0.529167 0.034375 0.079167
0 0.344531 0.521875 0.017188 0.060417
7 0.220312 0.451042 0.018750 0.027083
