0 0.638281 0.560417 0.145313 0.333333
0 0.678906 0.515625 0.054688 0.193750
0 0.539844 0.519792 0.035937 0.102083
0 0.478125 0.519792 0.037500 0.110417
0 0.458594 0.518750 0.042188 0.141667
11 0.584375 0.436458 0.034375 0.039583
7 0.576562 0.379167 0.046875 0.079167
0 0.534375 0.510417 0.028125 0.062500
13 0.521875 0.495833 0.015625 0.045833
13 0.466406 0.497917 0.017188 0.041667
0 0.571094 0.508333 0.017188 0.050000
0 0.496094 0.509375 0.020313 0.056250
0 0.502344 0.512500 0.026562 0.070833
0 0.399219 0.507292 0.017188 0.047917
