6 0.682813 0.236458 0.015625 0.031250
6 0.671094 0.231250 0.020313 0.033333
6 0.720313 0.197917 0.018750 0.037500
6 0.528125 0.589583 0.096875 0.166667
13 0.032031 0.511458 0.057813 0.139583
7 0.282813 0.410417 0.034375 0.058333
13 0.438281 0.507292 0.042188 0.093750
7 0.314063 0.417708 0.043750 0.072917
8 0.177344 0.512500 0.060937 0.079167
6 0.692969 0.185417 0.020313 0.037500
7 0.275000 0.400000 0.053125 0.087500
9 0.270313 0.505208 0.031250 0.072917
6 0.690625 0.290625 0.012500 0.027083
6 0.234375 0.348958 0.015625 0.031250
11 0.619531 0.207292 0.060937 0.068750
7 0.335156 0.509375 0.048438 0.077083
0 0.056250 0.506250 0.015625 0.029167
