3 0.312500 0.754167 0.087500 0.020833
3 0.748437 0.835417 0.156250 0.050000
3 0.485938 0.715625 0.103125 0.168750
3 0.529687 0.800000 0.040625 0.008333
3 0.773438 0.794792 0.115625 0.131250
3 0.613281 0.771875 0.079687 0.106250
3 0.682813 0.686458 0.075000 0.156250
3 0.614844 0.725000 0.076563 0.191667
3 0.483594 0.595833 0.042188 0.083333
3 0.716406 0.720833 0.089063 0.195833
3 0.475000 0.643750 0.056250 0.120833
3 0.582812 0.650000 0.062500 0.125000
3 0.647656 0.646875 0.060937 0.122917
3 0.752344 0.670833 0.057813 0.145833
3 0.603125 0.619792 0.056250 0.102083
