3 0.739062 0.763542 0.100000 0.131250
3 0.456250 0.730208 0.090625 0.089583
3 0.360156 0.713542 0.064062 0.081250
3 0.533594 0.758333 0.095312 0.062500
3 0.565625 0.742708 0.131250 0.110417
3 0.532031 0.643750 0.054688 0.129167
3 0.557813 0.631250 0.050000 0.112500
3 0.640625 0.626042 0.050000 0.106250
3 0.786719 0.652083 0.067187 0.133333
3 0.575000 0.669792 0.068750 0.143750
3 0.521875 0.686458 0.071875 0.160417
3 0.632031 0.719792 0.098437 0.168750
3 0.492188 0.590625 0.043750 0.077083
3 0.585156 0.609375 0.070312 0.102083
