4 0.783594 0.512500 0.020313 0.033333
4 0.379688 0.514583 0.034375 0.058333
3 0.308594 0.343750 0.023438 0.050000
3 0.273438 0.346875 0.021875 0.043750
3 0.482031 0.342708 0.029687 0.047917
3 0.504687 0.340625 0.031250 0.047917
3 0.618750 0.300000 0.015625 0.033333
3 0.814844 0.430208 0.014063 0.035417
3 0.818750 0.432292 0.012500 0.031250
3 0.792969 0.431250 0.014063 0.033333
3 0.732812 0.438542 0.012500 0.027083
3 0.814844 0.432292 0.017188 0.031250
3 0.730469 0.437500 0.017188 0.029167
3 0.781250 0.434375 0.018750 0.027083
