3 0.467187 0.763542 0.050000 0.018750
3 0.604688 0.787500 0.068750 0.025000
3 0.569531 0.745833 0.085938 0.100000
3 0.300000 0.720833 0.068750 0.041667
3 0.467969 0.725000 0.076563 0.100000
3 0.753906 0.776042 0.089063 0.110417
3 0.588281 0.634375 0.045312 0.122917
3 0.636719 0.636458 0.057813 0.114583
3 0.764844 0.660417 0.060937 0.137500
3 0.625781 0.675000 0.067187 0.150000
3 0.567187 0.697917 0.078125 0.166667
3 0.656250 0.720833 0.087500 0.183333
3 0.603906 0.616667 0.045312 0.100000
3 0.511719 0.642708 0.054688 0.122917
3 0.489063 0.588542 0.053125 0.081250
