4 0.529687 0.551042 0.087500 0.218750
4 0.872656 0.516667 0.020313 0.045833
4 0.922656 0.512500 0.023438 0.054167
4 0.973437 0.514583 0.015625 0.041667
3 0.032031 0.136458 0.051562 0.068750
3 0.132812 0.143750 0.056250 0.100000
3 0.464844 0.156250 0.048438 0.091667
3 0.364844 0.172917 0.039062 0.066667
3 0.695312 0.166667 0.031250 0.041667
3 0.721875 0.155208 0.018750 0.039583
3 0.853906 0.414583 0.017188 0.033333
3 0.875000 0.408333 0.021875 0.041667
3 0.924219 0.408333 0.017188 0.037500
3 0.875781 0.411458 0.020313 0.039583
3 0.921875 0.406250 0.025000 0.041667
3 0.915625 0.404167 0.025000 0.045833
