4 0.332031 0.520833 0.017188 0.045833
3 0.857812 0.296875 0.034375 0.064583
3 0.897656 0.279167 0.032813 0.075000
3 0.783594 0.315625 0.026562 0.060417
3 0.992969 0.243750 0.010937 0.083333
3 0.282031 0.407292 0.023438 0.047917
3 0.228906 0.398958 0.023438 0.039583
3 0.191406 0.385417 0.023438 0.054167
3 0.258594 0.398958 0.020313 0.052083
3 0.103906 0.378125 0.029687 0.052083
3 0.199219 0.392708 0.020313 0.039583
3 0.239844 0.402083 0.020313 0.037500
3 0.091406 0.368750 0.029687 0.066667
3 0.169531 0.381250 0.035937 0.058333
14 0.346094 0.356250 0.017188 0.037500
