4 0.382812 0.512500 0.012500 0.037500
3 0.907813 0.280208 0.031250 0.068750
3 0.793750 0.320833 0.028125 0.050000
3 0.861719 0.298958 0.032813 0.060417
3 0.985156 0.247917 0.026562 0.075000
3 0.267969 0.396875 0.020313 0.035417
3 0.300000 0.405208 0.018750 0.035417
3 0.183594 0.381250 0.023438 0.054167
3 0.298438 0.402083 0.015625 0.037500
3 0.034375 0.368750 0.034375 0.050000
3 0.267969 0.390625 0.026562 0.047917
3 0.298438 0.398958 0.021875 0.047917
3 0.234375 0.386458 0.015625 0.052083
3 0.329688 0.410417 0.025000 0.041667
3 0.174219 0.385417 0.026562 0.041667
14 0.385156 0.361458 0.017188 0.035417
